1	0,0000350108
2	0,0000821741
4	0,0000333689
8	0,0000244718
9	0,0000206322
11	0,0000334116
14	0,0000252654
15	0,0000283719
18	0,0000294818
29	0,0000167306
34	0,0000322899
37	0,0000277182
39	0,0000151858
40	0,0000301677
41	0,0000325361
45	0,0000128557
49	0,0000288034
55	0,0000309759
56	0,0000699265
58	0,0000319573
59	0,0000326606
69	0,0000339137
78	0,0000335902
82	0,0000185210
90	0,0000319571
100	0,0000119545
102	0,0000253102
103	0,0000174116
105	0,0000150171
108	0,0000240681
135	0,0000207835
139	0,0000346404
143	0,0000348913
199	0,0000230206
207	0,0000125802
379	0,0000135022
382	0,0000140073
384	0,0000307354
385	0,0000282300
390	0,0000178108
403	0,0000623152
404	0,0000594243
405	0,0000164224
406	0,0000382016
410	0,0000165363
411	0,0000334990
412	0,0000235242
413	0,0000460848
415	0,0000467002
416	0,0000528875
418	0,0000314728
419	0,0000222533
420	0,0000778323
422	0,0000424162
423	0,0000281979
424	0,0001234325
425	0,0000679504
426	0,0000822688
427	0,0002063718
428	0,0000310388
429	0,0000656155
430	0,0001107704
431	0,0000736498
432	0,0000398131
433	0,0000589618
434	0,0000945557
435	0,0000957927
436	0,0000673455
437	0,0000467609
438	0,0000119255
439	0,0000308471
440	0,0000909615
441	0,0001888957
442	0,0002101337
443	0,0000412601
444	0,0000521384
445	0,0001158452
446	0,0000962544
447	0,0001092292
448	0,0001562028
449	0,0000952395
450	0,0000741295
451	0,0000976817
452	0,0000807417
453	0,0002699764
454	0,0004506637
455	0,0001238718
456	0,0001148726
457	0,0001892569
458	0,0003867438
459	0,0002218839
460	0,0002176202
461	0,0003022452
462	0,0004318425
463	0,0002019386
464	0,0004682574
465	0,0002358204
466	0,0006160969
467	0,0001384317
468	0,0002470136
469	0,0006797164
470	0,0001289982
471	0,0002114538
472	0,0002263313
473	0,0002989985
474	0,0002946804
475	0,0002956833
476	0,0003626430
477	0,0003451602
478	0,0002513461
479	0,0003299698
480	0,0003468210
481	0,0006237384
482	0,0002359703
483	0,0006522150
484	0,0002387243
485	0,0002698197
486	0,0004339414
487	0,0004149389
488	0,0004064153
489	0,0002581302
490	0,0003873519
491	0,0006980096
492	0,0005261829
493	0,0008379860
494	0,0004450148
495	0,0005017493
496	0,0006891661
497	0,0006141482
498	0,0004329724
499	0,0009936295
500	0,0004982877
501	0,0004795998
502	0,0007032491
503	0,0009463943
504	0,0008219679
505	0,0003479079
506	0,0003697585
507	0,0005529288
508	0,0010490625
509	0,0011923433
510	0,0005234467
511	0,0010846096
512	0,0008349027
513	0,0003682684
514	0,0012831596
515	0,0012424670
516	0,0006756873
517	0,0012752305
518	0,0010132158
519	0,0008978028
520	0,0006336883
521	0,0007428544
522	0,0010111194
523	0,0006359026
524	0,0015328137
525	0,0011175414
526	0,0007439352
527	0,0014097573
528	0,0006600948
529	0,0009675854
530	0,0009407741
531	0,0014303556
532	0,0007602119
533	0,0019426705
534	0,0008829813
535	0,0014023436
536	0,0005928026
537	0,0005858030
538	0,0016538196
539	0,0007074585
540	0,0014644925
541	0,0006785880
542	0,0020052463
543	0,0010167638
544	0,0017426522
545	0,0006173060
546	0,0010287304
547	0,0019442257
548	0,0018779187
549	0,0020408003
550	0,0013607751
551	0,0009132797
552	0,0016910882
553	0,0019529569
554	0,0013526474
555	0,0019352645
556	0,0011869234
557	0,0011826939
558	0,0017222932
559	0,0017818511
560	0,0008186405
561	0,0021926174
562	0,0009668305
563	0,0019141465
564	0,0008996190
565	0,0015778596
566	0,0012942514
567	0,0021218096
568	0,0019109007
569	0,0015480410
570	0,0010887858
571	0,0013244200
572	0,0009107851
573	0,0012650256
574	0,0011630792
575	0,0021009460
576	0,0014961586
577	0,0013433783
578	0,0014906981
579	0,0018278527
580	0,0017402658
581	0,0024065436
582	0,0016940348
583	0,0010291911
584	0,0012890166
585	0,0012201227
586	0,0006952536
587	0,0019124083
588	0,0014485457
589	0,0017071641
590	0,0017617509
591	0,0009037661
592	0,0007868150
593	0,0008993009
594	0,0020403581
595	0,0020178824
596	0,0009765528
597	0,0013810272
598	0,0022860739
599	0,0018089957
600	0,0023846766
601	0,0017744918
602	0,0018764478
603	0,0016587852
604	0,0007637765
605	0,0011362234
606	0,0008644607
607	0,0015926336
608	0,0010420235
609	0,0017820615
610	0,0011933068
611	0,0025053723
612	0,0015033249
613	0,0015474961
614	0,0014665677
615	0,0011318136
616	0,0007263580
617	0,0014791797
618	0,0009305274
619	0,0014415880
620	0,0018463360
621	0,0019278808
622	0,0020386111
623	0,0008383919
624	0,0015965349
625	0,0018977015
626	0,0013586347
627	0,0010047421
628	0,0025735581
629	0,0018101823
630	0,0023111828
631	0,0018478266
632	0,0009490850
633	0,0014011521
634	0,0011080723
635	0,0017497951
636	0,0020297230
637	0,0016836273
638	0,0011915019
639	0,0019648824
640	0,0007487917
641	0,0008684619
642	0,0013254369
643	0,0027314210
644	0,0017895533
645	0,0014806136
646	0,0020983264
647	0,0014160118
648	0,0019421025
649	0,0011434581
650	0,0010496235
651	0,0014614420
652	0,0015064220
653	0,0013897070
654	0,0009132127
655	0,0008355815
656	0,0018620566
657	0,0009358958
658	0,0022378598
659	0,0014950284
660	0,0017322254
661	0,0011865187
662	0,0013456941
663	0,0021299086
664	0,0017805856
665	0,0016158959
666	0,0018058948
667	0,0016273028
668	0,0018883259
669	0,0010048139
670	0,0009414439
671	0,0019389548
672	0,0013534563
673	0,0023201128
674	0,0019058743
675	0,0011176740
676	0,0009791456
677	0,0013924074
678	0,0017319346
679	0,0019521954
680	0,0010237785
681	0,0012053013
682	0,0018481786
683	0,0024155895
684	0,0011249317
685	0,0009455535
686	0,0016865113
687	0,0008216911
688	0,0011197607
689	0,0013779030
690	0,0014609106
691	0,0016512351
692	0,0009186566
693	0,0024088241
694	0,0009221372
695	0,0013402303
696	0,0031955669
697	0,0011415498
698	0,0016244052
699	0,0019421543
700	0,0019648928
701	0,0021266803
702	0,0011899357
703	0,0007963615
704	0,0021905905
705	0,0011373541
706	0,0020249878
707	0,0015033689
708	0,0017361448
709	0,0013451771
710	0,0011048563
711	0,0019940011
712	0,0009007248
713	0,0025291916
714	0,0016839337
715	0,0013574141
716	0,0014752542
717	0,0013984646
718	0,0017592828
719	0,0008855982
720	0,0023212782
721	0,0008832268
722	0,0025329378
723	0,0014651144
724	0,0008950390
725	0,0011584383
726	0,0024461145
727	0,0013852636
728	0,0026737416
729	0,0015081347
730	0,0009277356
731	0,0019882798
732	0,0015668428
733	0,0020862269
734	0,0018109600
735	0,0014203639
736	0,0016635118
737	0,0020446291
738	0,0021689165
739	0,0031269958
740	0,0026251215
741	0,0021128642
742	0,0013027352
743	0,0024305843
744	0,0014523668
745	0,0012162453
746	0,0024685783
747	0,0022457297
748	0,0013036247
749	0,0024348033
750	0,0017909564
751	0,0011406461
752	0,0017547330
753	0,0011273050
754	0,0016361170
755	0,0013065922
756	0,0010476908
757	0,0018685273
758	0,0009510241
759	0,0017084560
760	0,0011771712
761	0,0014593697
762	0,0011278462
763	0,0018623530
764	0,0018222334
765	0,0021417316
766	0,0019717851
767	0,0021338966
768	0,0013041405
769	0,0010615119
770	0,0012087851
771	0,0010316235
772	0,0011602060
773	0,0014540306
774	0,0017481463
775	0,0014150569
776	0,0007306830
777	0,0014916103
778	0,0009659515
779	0,0017169455
780	0,0025202329
781	0,0015849042
782	0,0016847288
783	0,0016378646
784	0,0015091272
785	0,0010719008
786	0,0017673471
787	0,0019314721
788	0,0009436106
789	0,0016844895
790	0,0020632267
791	0,0013113705
792	0,0021172093
793	0,0017937710
794	0,0008606950
795	0,0011180819
796	0,0012374536
797	0,0007111350
798	0,0007829069
799	0,0017598777
800	0,0027399990
801	0,0009531766
802	0,0016252481
803	0,0014941595
804	0,0014827383
805	0,0019755907
806	0,0021866736
807	0,0008651529
808	0,0010876093
809	0,0008968848
810	0,0018375319
811	0,0023826319
812	0,0014446473
813	0,0009858905
814	0,0009486667
815	0,0008802783
816	0,0013090725
817	0,0012259142
818	0,0013972277
819	0,0016167529
820	0,0011339111
821	0,0012883464
822	0,0018698022
823	0,0015093819
824	0,0010919012
825	0,0018129034
826	0,0009073324
827	0,0010475271
828	0,0011573904
829	0,0009948770
830	0,0019946372
831	0,0006882257
832	0,0012743488
833	0,0021111053
834	0,0020935275
835	0,0013322535
836	0,0017372102
837	0,0009561959
838	0,0010806992
839	0,0016069551
840	0,0010473597
841	0,0011700214
842	0,0015356883
843	0,0020337819
844	0,0008086162
845	0,0009309302
846	0,0014178718
847	0,0009156729
848	0,0014233478
849	0,0023034640
850	0,0016077288
851	0,0023258870
852	0,0023901883
853	0,0018581495
854	0,0013172977
855	0,0023210199
856	0,0018989502
857	0,0009277088
858	0,0018394014
859	0,0019680283
860	0,0009543465
861	0,0022838123
862	0,0019150318
863	0,0016523872
864	0,0015985561
865	0,0015187706
866	0,0007917606
867	0,0010067302
868	0,0018869457
869	0,0020578867
870	0,0008324345
871	0,0019298283
872	0,0010128883
873	0,0023337686
874	0,0018699769
875	0,0021670344
876	0,0019690535
877	0,0014684568
878	0,0008974519
879	0,0022353239
880	0,0027842577
881	0,0020548835
882	0,0008298857
883	0,0010523962
884	0,0012402776
885	0,0014769696
886	0,0012256801
887	0,0008996268
888	0,0020245581
889	0,0018477337
890	0,0017405827
891	0,0010783091
892	0,0019191774
893	0,0014677397
894	0,0008168961
895	0,0009699219
896	0,0009241436
897	0,0012327586
898	0,0012010533
899	0,0011375954
900	0,0011608048
901	0,0013923133
902	0,0023998423
903	0,0018598509
904	0,0011693673
905	0,0012580116
906	0,0010667893
907	0,0018777575
908	0,0007605455
909	0,0016138410
910	0,0026045232
911	0,0024012740
912	0,0021375660
913	0,0018567252
914	0,0020383501
915	0,0017229426
916	0,0014858407
917	0,0011743529
918	0,0013546157
919	0,0008063700
920	0,0018290608
921	0,0011349470
922	0,0011134009
923	0,0009293619
924	0,0008740638
925	0,0009414067
926	0,0013313662
927	0,0013448089
928	0,0014881422
929	0,0011305538
930	0,0016258075
931	0,0018699893
932	0,0008561757
933	0,0012132559
934	0,0007130111
935	0,0009914563
936	0,0018506501
937	0,0006988701
938	0,0012467210
939	0,0006539095
940	0,0012325952
941	0,0010351528
942	0,0018616104
943	0,0014148809
944	0,0015749246
945	0,0010392494
946	0,0010148741
947	0,0008047653
948	0,0009800840
949	0,0008918491
950	0,0014106123
951	0,0010176037
952	0,0007172439
953	0,0010511607
954	0,0006991445
955	0,0008680544
956	0,0017475366
957	0,0014451364
958	0,0011591769
959	0,0009474780
960	0,0010774967
961	0,0013970262
962	0,0004869328
963	0,0013301221
964	0,0008011515
965	0,0008707019
966	0,0010792035
967	0,0008301970
968	0,0010510511
969	0,0007957611
970	0,0008167065
971	0,0008408388
972	0,0006541605
973	0,0012283787
974	0,0015881496
975	0,0007411081
976	0,0005731046
977	0,0008102573
978	0,0006551413
979	0,0006462795
980	0,0013114591
981	0,0005161345
982	0,0003696248
983	0,0008137390
984	0,0010885038
985	0,0011555868
986	0,0008878749
987	0,0008682187
988	0,0006744718
989	0,0009333280
990	0,0005636124
991	0,0004821596
992	0,0009800518
993	0,0009346295
994	0,0010457277
995	0,0007071242
996	0,0007731141
997	0,0004085915
998	0,0005741532
999	0,0006915834
1000	0,0009231084
1001	0,0004987515
1002	0,0003915335
1003	0,0005340715
1004	0,0004870505
1005	0,0005696954
1006	0,0008607717
1007	0,0003504369
1008	0,0008088854
1009	0,0010402934
1010	0,0007000221
1011	0,0009693395
1012	0,0010008467
1013	0,0010199471
1014	0,0004132995
1015	0,0008038642
1016	0,0012284171
1017	0,0004806442
1018	0,0011739332
1019	0,0008269387
1020	0,0005602598
1021	0,0009423152
1022	0,0005848528
1023	0,0007233431
1024	0,0007418433
1025	0,0004359947
1026	0,0002482490
1027	0,0005023704
1028	0,0006122147
1029	0,0005519627
1030	0,0009111451
1031	0,0002739898
1032	0,0008312265
1033	0,0008506552
1034	0,0007119210
1035	0,0002925822
1036	0,0004356342
1037	0,0005085593
1038	0,0002445988
1039	0,0001756539
1040	0,0007204377
1041	0,0004377907
1042	0,0003066555
1043	0,0005929818
1044	0,0008340543
1045	0,0004468868
1046	0,0003699820
1047	0,0002886954
1048	0,0002401240
1049	0,0002692236
1050	0,0005536452
1051	0,0002317024
1052	0,0001510162
1053	0,0003750986
1054	0,0001758804
1055	0,0004029210
1056	0,0003402559
1057	0,0006029333
1058	0,0003597150
1059	0,0002691116
1060	0,0001336962
1061	0,0002434279
1062	0,0001663601
1063	0,0003146594
1064	0,0004988438
1065	0,0003152120
1066	0,0004019092
1067	0,0003880127
1068	0,0003532892
1069	0,0004983203
1070	0,0002155874
1071	0,0002634073
1072	0,0002480601
1073	0,0002480025
1074	0,0004021353
1075	0,0005930976
1076	0,0002514048
1077	0,0004859688
1078	0,0003414825
1079	0,0002833566
1080	0,0005460222
1081	0,0004865428
1082	0,0004799460
1083	0,0006257377
1084	0,0004578851
1085	0,0001878877
1086	0,0002329666
1087	0,0001642229
1088	0,0001495528
1089	0,0004325828
1090	0,0004255880
1091	0,0006398291
1092	0,0003573206
1093	0,0002766762
1094	0,0002877414
1095	0,0004139873
1096	0,0003306735
1097	0,0003204578
1098	0,0003984819
1099	0,0004387610
1100	0,0003098835
1101	0,0003247085
1102	0,0003181105
1103	0,0002683496
1104	0,0002760568
1105	0,0002414669
1106	0,0002384193
1107	0,0003780940
1108	0,0002741900
1109	0,0002214886
1110	0,0002287355
1111	0,0001921725
1112	0,0003972779
1113	0,0001476449
1114	0,0003558335
1115	0,0003304563
1116	0,0000911144
1117	0,0001991516
1118	0,0001054012
1119	0,0002633519
1120	0,0001729132
1121	0,0004514158
1122	0,0001570620
1123	0,0000491870
1124	0,0001596843
1125	0,0003500047
1126	0,0002749515
1127	0,0001667509
1128	0,0001850049
1129	0,0002449998
1130	0,0001265145
1131	0,0002135580
1132	0,0001207135
1133	0,0002969564
1134	0,0001562669
1135	0,0000872641
1136	0,0001336646
1137	0,0002276028
1138	0,0000272329
1139	0,0001732513
1140	0,0001517275
1141	0,0001639121
1142	0,0002229770
1143	0,0000740785
1144	0,0001749130
1145	0,0001738265
1146	0,0001615468
1147	0,0001697753
1148	0,0000749690
1149	0,0001174253
1150	0,0001271021
1151	0,0001713522
1152	0,0001157567
1153	0,0002631248
1154	0,0001392255
1155	0,0001873407
1156	0,0001077058
1157	0,0001038305
1158	0,0001997851
1159	0,0001020309
1160	0,0001004309
1161	0,0002770113
1162	0,0002371542
1163	0,0003090040
1164	0,0001314539
1165	0,0002461234
1166	0,0000740156
1167	0,0003565279
1168	0,0003465984
1169	0,0001505939
1170	0,0003656178
1171	0,0003887531
1172	0,0003257334
1173	0,0002663713
1174	0,0002705057
1175	0,0001111230
1176	0,0002111456
1177	0,0002054245
1178	0,0001270753
1179	0,0002501173
1180	0,0001595594
1181	0,0001265919
1182	0,0001562749
1183	0,0003374854
1184	0,0000485719
1185	0,0001308010
1186	0,0003689214
1187	0,0001881465
1188	0,0001541756
1189	0,0002691736
1190	0,0001193653
1191	0,0001526758
1192	0,0001481652
1193	0,0001072087
1194	0,0001572441
1195	0,0001321175
1196	0,0001272763
1197	0,0001325713
1198	0,0001334048
1199	0,0001336546
1200	0,0001264755
1201	0,0000684217
1202	0,0001369660
1203	0,0002022875
1204	0,0000647633
1205	0,0001577737
1206	0,0000801700
1207	0,0003109951
1208	0,0001726134
1209	0,0001534585
1210	0,0001258344
1211	0,0002202605
1212	0,0001126296
1213	0,0001255785
1214	0,0000586778
1215	0,0002222800
1216	0,0001290009
1217	0,0002963261
1218	0,0003397092
1219	0,0000765821
1220	0,0001198410
1221	0,0000269780
1222	0,0001525028
1223	0,0000796523
1224	0,0000574553
1225	0,0001620861
1226	0,0001279659
1227	0,0001013285
1228	0,0001014150
1229	0,0000921707
1230	0,0000416617
1231	0,0001015691
1232	0,0001925384
1233	0,0000512898
1234	0,0000284398
1235	0,0001644228
1236	0,0000658527
1237	0,0002423951
1238	0,0002520054
1239	0,0001400150
1240	0,0000965284
1241	0,0001066362
1242	0,0001080406
1243	0,0000701503
1244	0,0001002761
1245	0,0000276269
1246	0,0000693249
1247	0,0000695014
1248	0,0001475054
1249	0,0001395072
1250	0,0002529234
1251	0,0001249299
1252	0,0000789289
1253	0,0000862287
1254	0,0000824054
1255	0,0002152367
1256	0,0000151165
1257	0,0000608894
1258	0,0001509730
1259	0,0000462569
1260	0,0001538286
1261	0,0002114766
1262	0,0000379275
1263	0,0002603379
1264	0,0000906844
1265	0,0001325800
1266	0,0000602090
1267	0,0000511333
1268	0,0000594323
1269	0,0000362961
1270	0,0001065980
1271	0,0000636396
1272	0,0000160406
1273	0,0001044691
1274	0,0000238226
1275	0,0000286222
1276	0,0000571836
1278	0,0000400063
1279	0,0000785149
1280	0,0001323989
1281	0,0000577009
1282	0,0000246219
1283	0,0001373503
1285	0,0000660961
1286	0,0000751730
1287	0,0000483199
1288	0,0000172673
1289	0,0000299755
1290	0,0000845368
1292	0,0001229974
1293	0,0001069893
1294	0,0000395428
1296	0,0000779788
1297	0,0001713438
1298	0,0001017784
1299	0,0000430335
1301	0,0000716126
1302	0,0000686679
1303	0,0000508393
1304	0,0000684073
1306	0,0000246558
1307	0,0000343964
1308	0,0000276245
1309	0,0001595762
1310	0,0000333627
1312	0,0000304546
1313	0,0000871959
1314	0,0000614807
1315	0,0000407910
1316	0,0000368911
1317	0,0001463405
1318	0,0004606041
1319	0,0000728324
1320	0,0000469886
1321	0,0000557785
1322	0,0001126388
1323	0,0000692728
1324	0,0000354433
1326	0,0000194309
1327	0,0000916230
1328	0,0000415901
1329	0,0000287788
1330	0,0000232028
1331	0,0000336979
1333	0,0000269270
1334	0,0000705464
1336	0,0000632069
1337	0,0000387315
1338	0,0000216032
1342	0,0000344660
1343	0,0000196588
1344	0,0000626300
1345	0,0000261035
1346	0,0000196090
1348	0,0000344259
1349	0,0000242619
1351	0,0000140387
1352	0,0000161539
1353	0,0000338003
1354	0,0000205474
1355	0,0001391145
1356	0,0000140020
1357	0,0000507044
1358	0,0000158612
1360	0,0000133302
1361	0,0000208781
1362	0,0000373578
1363	0,0000238533
1364	0,0000229867
1366	0,0000423633
1367	0,0000189767
1368	0,0000180447
1369	0,0000248595
1370	0,0000227552
1373	0,0000342196
1375	0,0000221521
1376	0,0000314540
1380	0,0000237347
1381	0,0000275019
1384	0,0000351046
1386	0,0000260498
1387	0,0001396279
1388	0,0000273857
1389	0,0000279618
1390	0,0000318279
1391	0,0000240616
1392	0,0000309759
1394	0,0000207289
1395	0,0000151167
1396	0,0000405533
1398	0,0000256930
1399	0,0000349705
1400	0,0000156131
1402	0,0000335072
1406	0,0000644023
1409	0,0000244107
1418	0,0000391518
1420	0,0000176059
1422	0,0000171909
1424	0,0000232199
1426	0,0000264691
1429	0,0000681058
1430	0,0000345416
1431	0,0000125756
1432	0,0000220907
1434	0,0000177451
1435	0,0000223679
1436	0,0000245905
1439	0,0000239460