	0	0.000000000
	1	0.000012962
	2	0.000000000
	3	0.000012249
	4	0.000000000
	5	0.000000723
	6	0.000000643
	7	0.000000000
	8	0.000015588
	9	0.000015440
	10	0.000016986
	11	0.000000000
	12	0.000011320
	13	0.000017086
	14	0.000006768
	15	0.000010453
	16	0.000000000
	17	0.000000000
	18	0.000002818
	19	0.000008748
	20	0.000000000
	21	0.000000000
	22	0.000009686
	23	0.000000618
	24	0.000000000
	25	0.000000000
	26	0.000006470
	27	0.000001192
	28	0.000019956
	29	0.000000000
	30	0.000003700
	31	0.000000000
	32	0.000000000
	33	0.000005264
	34	0.000006831
	35	0.000015107
	36	0.000001683
	37	0.000000000
	38	0.000008941
	39	0.000000000
	40	0.000011837
	41	0.000000000
	42	0.000000000
	43	0.000003607
	44	0.000012872
	45	0.000018345
	46	0.000020380
	47	0.000000000
	48	0.000008165
	49	0.000002263
	50	0.000020839
	51	0.000000724
	52	0.000003943
	53	0.000006809
	54	0.000000000
	55	0.000007819
	56	0.000000000
	57	0.000017367
	58	0.000018562
	59	0.000009367
	60	0.000020642
	61	0.000019900
	62	0.000011535
	63	0.000021049
	64	0.000011915
	65	0.000012383
	66	0.000013270
	67	0.000011889
	68	0.000000000
	69	0.000015246
	70	0.000011043
	71	0.000008660
	72	0.000017737
	73	0.000000000
	74	0.000000000
	75	0.000000000
	76	0.000006604
	77	0.000007153
	78	0.000000000
	79	0.000000000
	80	0.000006132
	81	0.000022424
	82	0.000007495
	83	0.000000000
	84	0.000000000
	85	0.000006611
	86	0.000000000
	87	0.000000000
	88	0.000000000
	89	0.000008886
	90	0.000000000
	91	0.000019936
	92	0.000000000
	93	0.000000000
	94	0.000020094
	95	0.000003791
	96	0.000010460
	97	0.000000000
	98	0.000000000
	99	0.000000000
	100	0.000023104
	101	0.000000000
	102	0.000010435
	103	0.000005897
	104	0.000005771
	105	0.000001942
	106	0.000001237
	107	0.000000000
	108	0.000000000
	109	0.000021219
	110	0.000000000
	111	0.000016920
	112	0.000023164
	113	0.000016520
	114	0.000009158
	115	0.000000000
	116	0.000004425
	117	0.000007801
	118	0.000000000
	119	0.000000000
	120	0.000000000
	121	0.000000000
	122	0.000000935
	123	0.000000000
	124	0.000021791
	125	0.000000000
	126	0.000017981
	127	0.000000000
	128	0.000010084
	129	0.000014629
	130	0.000013369
	131	0.000000000
	132	0.000017765
	133	0.000000000
	134	0.000000000
	135	0.000000000
	136	0.000000000
	137	0.000000000
	138	0.000015269
	139	0.000019058
	140	0.000000000
	141	0.000022644
	142	0.000000000
	143	0.000000000
	144	0.000009021
	145	0.000007453
	146	0.000000037
	147	0.000024573
	148	0.000014458
	149	0.000008011
	150	0.000000000
	151	0.000000000
	152	0.000000000
	153	0.000000000
	154	0.000009351
	155	0.000005281
	156	0.000016417
	157	0.000016756
	158	0.000000000
	159	0.000000000
	160	0.000000000
	161	0.000010216
	162	0.000019991
	163	0.000000000
	164	0.000005876
	165	0.000018845
	166	0.000000847
	167	0.000000000
	168	0.000000000
	169	0.000005634
	170	0.000003623
	171	0.000013587
	172	0.000006329
	173	0.000002215
	174	0.000009672
	175	0.000024356
	176	0.000020431
	177	0.000023829
	178	0.000021781
	179	0.000016042
	180	0.000018240
	181	0.000007907
	182	0.000028138
	183	0.000029121
	184	0.000000000
	185	0.000007807
	186	0.000017587
	187	0.000000000
	188	0.000002813
	189	0.000000000
	190	0.000023548
	191	0.000001103
	192	0.000005170
	193	0.000016255
	194	0.000011307
	195	0.000015447
	196	0.000031886
	197	0.000019235
	198	0.000000000
	199	0.000000000
	200	0.000018532
	201	0.000023893
	202	0.000025839
	203	0.000003829
	204	0.000028826
	205	0.000016986
	206	0.000005817
	207	0.000000000
	208	0.000015944
	209	0.000002574
	210	0.000019130
	211	0.000009148
	212	0.000003446
	213	0.000033499
	214	0.000010386
	215	0.000000000
	216	0.000021299
	217	0.000025985
	218	0.000001083
	219	0.000000709
	220	0.000000000
	221	0.000005839
	222	0.000035037
	223	0.000015353
	224	0.000009083
	225	0.000018343
	226	0.000022628
	227	0.000010965
	228	0.000023095
	229	0.000005794
	230	0.000027297
	231	0.000033549
	232	0.000004337
	233	0.000023101
	234	0.000011300
	235	0.000006031
	236	0.000032025
	237	0.000030958
	238	0.000015022
	239	0.000029279
	240	0.000006525
	241	0.000030208
	242	0.000033379
	243	0.000005847
	244	0.000020690
	245	0.000033455
	246	0.000028914
	247	0.000027172
	248	0.000025657
	249	0.000020472
	250	0.000008422
	251	0.000030179
	252	0.000034804
	253	0.000011736
	254	0.000018463
	255	0.000020099
	256	0.000013800
	257	0.000030308
	258	0.000043781
	259	0.000036597
	260	0.000031045
	261	0.000025693
	262	0.000034139
	263	0.000047231
	264	0.000036396
	265	0.000046540
	266	0.000024568
	267	0.000050111
	268	0.000031595
	269	0.000017033
	270	0.000025838
	271	0.000017192
	272	0.000050647
	273	0.000019887
	274	0.000039367
	275	0.000019808
	276	0.000044648
	277	0.000021399
	278	0.000054141
	279	0.000049134
	280	0.000022595
	281	0.000037616
	282	0.000044894
	283	0.000041898
	284	0.000038926
	285	0.000036786
	286	0.000049646
	287	0.000022865
	288	0.000036900
	289	0.000033412
	290	0.000025177
	291	0.000039084
	292	0.000049771
	293	0.000054611
	294	0.000056482
	295	0.000035542
	296	0.000060567
	297	0.000057908
	298	0.000029296
	299	0.000053292
	300	0.000047691
	301	0.000041016
	302	0.000057793
	303	0.000032308
	304	0.000064501
	305	0.000038779
	306	0.000045995
	307	0.000030988
	308	0.000028277
	309	0.000060506
	310	0.000042455
	311	0.000032275
	312	0.000060388
	313	0.000050361
	314	0.000036646
	315	0.000044730
	316	0.000058311
	317	0.000044024
	318	0.000060974
	319	0.000071815
	320	0.000060223
	321	0.000072313
	322	0.000063295
	323	0.000058857
	324	0.000048362
	325	0.000074330
	326	0.000060276
	327	0.000056967
	328	0.000050060
	329	0.000071752
	330	0.000065035
	331	0.000045679
	332	0.000062490
	333	0.000070851
	334	0.000062845
	335	0.000060445
	336	0.000070379
	337	0.000076603
	338	0.000064777
	339	0.000083814
	340	0.000075292
	341	0.000079495
	342	0.000054105
	343	0.000079298
	344	0.000049504
	345	0.000072872
	346	0.000053768
	347	0.000081096
	348	0.000066082
	349	0.000089282
	350	0.000090457
	351	0.000072229
	352	0.000059232
	353	0.000081954
	354	0.000062743
	355	0.000069256
	356	0.000090667
	357	0.000065872
	358	0.000095671
	359	0.000092651
	360	0.000086118
	361	0.000076304
	362	0.000100444
	363	0.000089514
	364	0.000075769
	365	0.000095878
	366	0.000076451
	367	0.000077551
	368	0.000101092
	369	0.000079109
	370	0.000081213
	371	0.000088389
	372	0.000101728
	373	0.000100637
	374	0.000090730
	375	0.000105718
	376	0.000087718
	377	0.000098723
	378	0.000098716
	379	0.000077835
	380	0.000086408
	381	0.000081603
	382	0.000114458
	383	0.000101370
	384	0.000106936
	385	0.000114720
	386	0.000113593
	387	0.000118817
	388	0.000095403
	389	0.000089088
	390	0.000084384
	391	0.000089730
	392	0.000111112
	393	0.000090518
	394	0.000111311
	395	0.000121040
	396	0.000105957
	397	0.000101229
	398	0.000128818
	399	0.000099230
	400	0.000102950
	401	0.000092671
	402	0.000094161
	403	0.000125286
	404	0.000114968
	405	0.000113587
	406	0.000106624
	407	0.000127574
	408	0.000116459
	409	0.000117124
	410	0.000112327
	411	0.000127232
	412	0.000118313
	413	0.000110067
	414	0.000132657
	415	0.000114833
	416	0.000131687
	417	0.000146440
	418	0.000111883
	419	0.000125547
	420	0.000136078
	421	0.000123047
	422	0.000111986
	423	0.000114670
	424	0.000144400
	425	0.000115279
	426	0.000138451
	427	0.000156000
	428	0.000131800
	429	0.000157385
	430	0.000140449
	431	0.000157100
	432	0.000125076
	433	0.000137145
	434	0.000148932
	435	0.000156629
	436	0.000151497
	437	0.000158965
	438	0.000152511
	439	0.000164716
	440	0.000158365
	441	0.000139601
	442	0.000171246
	443	0.000154878
	444	0.000142210
	445	0.000139917
	446	0.000175689
	447	0.000165419
	448	0.000140522
	449	0.000177479
	450	0.000175038
	451	0.000180652
	452	0.000174532
	453	0.000174618
	454	0.000162997
	455	0.000154819
	456	0.000148693
	457	0.000184240
	458	0.000151766
	459	0.000177369
	460	0.000172266
	461	0.000157691
	462	0.000181784
	463	0.000176333
	464	0.000172086
	465	0.000173005
	466	0.000160696
	467	0.000174274
	468	0.000198009
	469	0.000197210
	470	0.000180878
	471	0.000194451
	472	0.000173045
	473	0.000190884
	474	0.000188714
	475	0.000173782
	476	0.000206699
	477	0.000182291
	478	0.000183333
	479	0.000201514
	480	0.000208992
	481	0.000213165
	482	0.000196834
	483	0.000211767
	484	0.000192217
	485	0.000195182
	486	0.000217979
	487	0.000193840
	488	0.000212543
	489	0.000218162
	490	0.000192918
	491	0.000218229
	492	0.000189496
	493	0.000220506
	494	0.000217686
	495	0.000222989
	496	0.000203650
	497	0.000219916
	498	0.000208210
	499	0.000225363
	500	0.000227610
	501	0.000201504
	502	0.000215937
	503	0.000209085
	504	0.000228758
	505	0.000244022
	506	0.000229528
	507	0.000238655
	508	0.000236230
	509	0.000213022
	510	0.000229017
	511	0.000213467
	512	0.000222420
	513	0.000214674
	514	0.000219576
	515	0.000239881
	516	0.000218275
	517	0.000251345
	518	0.000249810
	519	0.000253102
	520	0.000233371
	521	0.000247292
	522	0.000248314
	523	0.000255577
	524	0.000239515
	525	0.000258401
	526	0.000246940
	527	0.000261170
	528	0.000244389
	529	0.000258975
	530	0.000265367
	531	0.000271422
	532	0.000237623
	533	0.000255258
	534	0.000241880
	535	0.000252323
	536	0.000265739
	537	0.000281979
	538	0.000272721
	539	0.000272539
	540	0.000250524
	541	0.000277079
	542	0.000266287
	543	0.000275778
	544	0.000268655
	545	0.000278201
	546	0.000272982
	547	0.000281466
	548	0.000282542
	549	0.000288692
	550	0.000297489
	551	0.000274157
	552	0.000266030
	553	0.000299158
	554	0.000265084
	555	0.000273824
	556	0.000305326
	557	0.000299162
	558	0.000274713
	559	0.000288299
	560	0.000277174
	561	0.000306840
	562	0.000293807
	563	0.000296663
	564	0.000295377
	565	0.000291987
	566	0.000283145
	567	0.000288445
	568	0.000319450
	569	0.000309163
	570	0.000301374
	571	0.000313091
	572	0.000318564
	573	0.000298176
	574	0.000286586
	575	0.000289128
	576	0.000302631
	577	0.000293511
	578	0.000313775
	579	0.000307950
	580	0.000314324
	581	0.000333421
	582	0.000333146
	583	0.000326448
	584	0.000323163
	585	0.000304695
	586	0.000306189
	587	0.000316411
	588	0.000309188
	589	0.000311684
	590	0.000312877
	591	0.000305410
	592	0.000345004
	593	0.000314443
	594	0.000329671
	595	0.000319472
	596	0.000319799
	597	0.000347397
	598	0.000339966
	599	0.000344352
	600	0.000347676
	601	0.000353494
	602	0.000324529
	603	0.000342053
	604	0.000342042
	605	0.000326950
	606	0.000354023
	607	0.000332292
	608	0.000359500
	609	0.000343749
	610	0.000358526
	611	0.000352579
	612	0.000352478
	613	0.000330342
	614	0.000358932
	615	0.000351541
	616	0.000347572
	617	0.000351246
	618	0.000361575
	619	0.000343114
	620	0.000335633
	621	0.000351348
	622	0.000365528
	623	0.000337078
	624	0.000340963
	625	0.000362176
	626	0.000363028
	627	0.000375432
	628	0.000362471
	629	0.000355551
	630	0.000381030
	631	0.000354744
	632	0.000360069
	633	0.000346678
	634	0.000365824
	635	0.000370874
	636	0.000366433
	637	0.000368711
	638	0.000384707
	639	0.000374692
	640	0.000361036
	641	0.000354361
	642	0.000367073
	643	0.000360840
	644	0.000392064
	645	0.000366552
	646	0.000365082
	647	0.000367500
	648	0.000394089
	649	0.000389688
	650	0.000375685
	651	0.000395999
	652	0.000372736
	653	0.000376798
	654	0.000361291
	655	0.000368420
	656	0.000362558
	657	0.000373856
	658	0.000399751
	659	0.000375277
	660	0.000400504
	661	0.000394075
	662	0.000390317
	663	0.000380212
	664	0.000378461
	665	0.000367115
	666	0.000398167
	667	0.000399005
	668	0.000387307
	669	0.000403259
	670	0.000405789
	671	0.000402438
	672	0.000389695
	673	0.000406049
	674	0.000390389
	675	0.000401294
	676	0.000391810
	677	0.000389833
	678	0.000372299
	679	0.000396355
	680	0.000399802
	681	0.000411189
	682	0.000407088
	683	0.000395478
	684	0.000406471
	685	0.000383443
	686	0.000384122
	687	0.000414244
	688	0.000390902
	689	0.000383138
	690	0.000388306
	691	0.000395516
	692	0.000377592
	693	0.000383464
	694	0.000379021
	695	0.000391408
	696	0.000390724
	697	0.000388872
	698	0.000390415
	699	0.000400008
	700	0.000389648
	701	0.000382929
	702	0.000391158
	703	0.000416356
	704	0.000412264
	705	0.000395025
	706	0.000380179
	707	0.000410410
	708	0.000391871
	709	0.000416693
	710	0.000381013
	711	0.000394119
	712	0.000418379
	713	0.000389436
	714	0.000393680
	715	0.000385083
	716	0.000410340
	717	0.000383041
	718	0.000403476
	719	0.000390531
	720	0.000416589
	721	0.000400262
	722	0.000417485
	723	0.000391654
	724	0.000389236
	725	0.000418440
	726	0.000412621
	727	0.000414522
	728	0.000417706
	729	0.000385760
	730	0.000391339
	731	0.000413811
	732	0.000381863
	733	0.000404879
	734	0.000386260
	735	0.000400570
	736	0.000394086
	737	0.000405223
	738	0.000411623
	739	0.000396624
	740	0.000405152
	741	0.000402942
	742	0.000389436
	743	0.000390881
	744	0.000396796
	745	0.000399443
	746	0.000413926
	747	0.000383089
	748	0.000380342
	749	0.000399034
	750	0.000400501
	751	0.000379046
	752	0.000382081
	753	0.000408628
	754	0.000405026
	755	0.000376368
	756	0.000377581
	757	0.000388937
	758	0.000378441
	759	0.000405206
	760	0.000380651
	761	0.000404890
	762	0.000410497
	763	0.000405382
	764	0.000385193
	765	0.000388056
	766	0.000409341
	767	0.000393303
	768	0.000375852
	769	0.000381172
	770	0.000375406
	771	0.000383186
	772	0.000369315
	773	0.000385477
	774	0.000401471
	775	0.000398602
	776	0.000399130
	777	0.000374590
	778	0.000367424
	779	0.000379507
	780	0.000369060
	781	0.000384682
	782	0.000384026
	783	0.000375272
	784	0.000384664
	785	0.000387699
	786	0.000358895
	787	0.000384225
	788	0.000379563
	789	0.000384419
	790	0.000382325
	791	0.000376580
	792	0.000360768
	793	0.000361547
	794	0.000375602
	795	0.000367385
	796	0.000354147
	797	0.000351578
	798	0.000385884
	799	0.000379427
	800	0.000354704
	801	0.000381972
	802	0.000381857
	803	0.000366277
	804	0.000363882
	805	0.000359545
	806	0.000347504
	807	0.000368354
	808	0.000376053
	809	0.000368881
	810	0.000366313
	811	0.000378718
	812	0.000365544
	813	0.000342558
	814	0.000349768
	815	0.000368448
	816	0.000336842
	817	0.000338938
	818	0.000362070
	819	0.000359689
	820	0.000348642
	821	0.000346799
	822	0.000332244
	823	0.000348194
	824	0.000352211
	825	0.000353325
	826	0.000364616
	827	0.000346771
	828	0.000358430
	829	0.000361939
	830	0.000358484
	831	0.000326760
	832	0.000360398
	833	0.000349790
	834	0.000323012
	835	0.000341579
	836	0.000321095
	837	0.000353914
	838	0.000319771
	839	0.000328580
	840	0.000343180
	841	0.000350710
	842	0.000315379
	843	0.000311403
	844	0.000333662
	845	0.000325037
	846	0.000315176
	847	0.000315795
	848	0.000318433
	849	0.000315854
	850	0.000335723
	851	0.000322108
	852	0.000333411
	853	0.000320999
	854	0.000311799
	855	0.000323996
	856	0.000308422
	857	0.000318341
	858	0.000310270
	859	0.000315645
	860	0.000316469
	861	0.000292292
	862	0.000306015
	863	0.000311507
	864	0.000325627
	865	0.000309932
	866	0.000311573
	867	0.000304702
	868	0.000313060
	869	0.000298265
	870	0.000285874
	871	0.000301203
	872	0.000306304
	873	0.000293319
	874	0.000304512
	875	0.000291821
	876	0.000277894
	877	0.000297221
	878	0.000306155
	879	0.000284328
	880	0.000273811
	881	0.000285662
	882	0.000301738
	883	0.000306826
	884	0.000292196
	885	0.000293151
	886	0.000297161
	887	0.000276341
	888	0.000274061
	889	0.000280085
	890	0.000277677
	891	0.000273139
	892	0.000280969
	893	0.000276286
	894	0.000278634
	895	0.000264915
	896	0.000286466
	897	0.000272865
	898	0.000255309
	899	0.000278282
	900	0.000266063
	901	0.000251664
	902	0.000281838
	903	0.000270879
	904	0.000254031
	905	0.000244551
	906	0.000257002
	907	0.000272018
	908	0.000238097
	909	0.000245167
	910	0.000246391
	911	0.000253554
	912	0.000246860
	913	0.000256665
	914	0.000242763
	915	0.000246379
	916	0.000234609
	917	0.000253656
	918	0.000241365
	919	0.000228719
	920	0.000231415
	921	0.000254162
	922	0.000259068
	923	0.000221254
	924	0.000257289
	925	0.000225890
	926	0.000217357
	927	0.000229388
	928	0.000249677
	929	0.000245734
	930	0.000220988
	931	0.000212045
	932	0.000246781
	933	0.000234739
	934	0.000216591
	935	0.000231914
	936	0.000217053
	937	0.000218341
	938	0.000236873
	939	0.000226614
	940	0.000212387
	941	0.000212773
	942	0.000210749
	943	0.000227712
	944	0.000199248
	945	0.000200156
	946	0.000200811
	947	0.000215379
	948	0.000227941
	949	0.000226490
	950	0.000218894
	951	0.000195622
	952	0.000218550
	953	0.000220555
	954	0.000207673
	955	0.000212817
	956	0.000198448
	957	0.000194602
	958	0.000181239
	959	0.000211527
	960	0.000199131
	961	0.000183536
	962	0.000208010
	963	0.000180869
	964	0.000186374
	965	0.000202931
	966	0.000175530
	967	0.000180827
	968	0.000195742
	969	0.000173203
	970	0.000199267
	971	0.000197321
	972	0.000161557
	973	0.000172278
	974	0.000176790
	975	0.000170454
	976	0.000183378
	977	0.000192395
	978	0.000168665
	979	0.000172999
	980	0.000170358
	981	0.000156089
	982	0.000189129
	983	0.000176971
	984	0.000156412
	985	0.000176189
	986	0.000164773
	987	0.000181870
	988	0.000159953
	989	0.000165372
	990	0.000168343
	991	0.000170967
	992	0.000158965
	993	0.000168174
	994	0.000150800
	995	0.000172499
	996	0.000163909
	997	0.000168261
	998	0.000162324
	999	0.000155354
	1000	0.000156861
	1001	0.000142726
	1002	0.000146299
	1003	0.000133892
	1004	0.000162987
	1005	0.000144146
	1006	0.000146700
	1007	0.000159629
	1008	0.000157396
	1009	0.000159292
	1010	0.000142001
	1011	0.000141388
	1012	0.000153314
	1013	0.000134045
	1014	0.000150171
	1015	0.000118945
	1016	0.000131065
	1017	0.000147742
	1018	0.000117456
	1019	0.000121106
	1020	0.000120138
	1021	0.000148117
	1022	0.000146414
	1023	0.000120739
	1024	0.000116698
	1025	0.000108759
	1026	0.000109310
	1027	0.000115730
	1028	0.000127536
	1029	0.000116516
	1030	0.000121548
	1031	0.000139376
	1032	0.000134163
	1033	0.000126456
	1034	0.000116521
	1035	0.000103351
	1036	0.000106323
	1037	0.000118159
	1038	0.000123797
	1039	0.000099922
	1040	0.000097731
	1041	0.000095006
	1042	0.000093357
	1043	0.000102367
	1044	0.000113025
	1045	0.000094713
	1046	0.000108031
	1047	0.000116062
	1048	0.000095713
	1049	0.000095391
	1050	0.000103213
	1051	0.000107380
	1052	0.000083737
	1053	0.000095377
	1054	0.000110470
	1055	0.000085054
	1056	0.000085669
	1057	0.000092235
	1058	0.000088778
	1059	0.000098040
	1060	0.000104519
	1061	0.000102652
	1062	0.000093737
	1063	0.000093845
	1064	0.000087362
	1065	0.000110068
	1066	0.000083621
	1067	0.000102892
	1068	0.000107734
	1069	0.000078830
	1070	0.000092296
	1071	0.000104181
	1072	0.000066063
	1073	0.000092380
	1074	0.000090016
	1075	0.000087437
	1076	0.000085861
	1077	0.000068609
	1078	0.000097411
	1079	0.000060020
	1080	0.000078842
	1081	0.000068653
	1082	0.000070986
	1083	0.000057563
	1084	0.000075106
	1085	0.000071406
	1086	0.000078432
	1087	0.000082440
	1088	0.000054351
	1089	0.000088330
	1090	0.000089856
	1091	0.000078244
	1092	0.000085982
	1093	0.000090069
	1094	0.000056945
	1095	0.000071916
	1096	0.000048880
	1097	0.000070678
	1098	0.000054955
	1099	0.000050162
	1100	0.000050440
	1101	0.000051537
	1102	0.000068174
	1103	0.000052193
	1104	0.000075421
	1105	0.000060884
	1106	0.000047894
	1107	0.000055485
	1108	0.000077703
	1109	0.000057362
	1110	0.000043194
	1111	0.000062746
	1112	0.000041130
	1113	0.000056814
	1114	0.000064116
	1115	0.000041914
	1116	0.000045547
	1117	0.000046198
	1118	0.000036453
	1119	0.000058340
	1120	0.000070495
	1121	0.000062930
	1122	0.000051614
	1123	0.000065007
	1124	0.000047049
	1125	0.000068925
	1126	0.000069323
	1127	0.000058249
	1128	0.000043708
	1129	0.000035591
	1130	0.000040853
	1131	0.000055469
	1132	0.000057831
	1133	0.000050266
	1134	0.000060236
	1135	0.000043697
	1136	0.000027669
	1137	0.000038049
	1138	0.000044061
	1139	0.000039995
	1140	0.000044626
	1141	0.000060792
	1142	0.000051412
	1143	0.000043905
	1144	0.000032242
	1145	0.000057886
	1146	0.000051794
	1147	0.000046426
	1148	0.000021212
	1149	0.000056647
	1150	0.000037471
	1151	0.000025733
	1152	0.000025368
	1153	0.000044689
	1154	0.000041931
	1155	0.000053994
	1156	0.000027396
	1157	0.000029253
	1158	0.000050159
	1159	0.000041526
	1160	0.000052603
	1161	0.000033154
	1162	0.000051881
	1163	0.000045723
	1164	0.000030213
	1165	0.000018290
	1166	0.000043044
	1167	0.000048791
	1168	0.000051700
	1169	0.000024259
	1170	0.000025235
	1171	0.000031751
	1172	0.000028588
	1173	0.000018762
	1174	0.000019125
	1175	0.000017992
	1176	0.000016286
	1177	0.000040560
	1178	0.000022735
	1179	0.000021804
	1180	0.000047864
	1181	0.000047637
	1182	0.000041873
	1183	0.000014449
	1184	0.000040965
	1185	0.000020311
	1186	0.000031786
	1187	0.000035655
	1188	0.000038771
	1189	0.000030265
	1190	0.000038405
	1191	0.000030797
	1192	0.000016756
	1193	0.000038054
	1194	0.000005384
	1195	0.000041130
	1196	0.000024996
	1197	0.000041655
	1198	0.000041792
	1199	0.000004434
	1200	0.000029906
	1201	0.000006073
	1202	0.000027813
	1203	0.000035338
	1204	0.000006788
	1205	0.000035582
	1206	0.000007960
	1207	0.000002211
	1208	0.000030677
	1209	0.000018186
	1210	0.000003555
	1211	0.000014649
	1212	0.000023847
	1213	0.000000000
	1214	0.000037050
	1215	0.000014064
	1216	0.000019394
	1217	0.000005596
	1218	0.000015649
	1219	0.000015047
	1220	0.000020364
	1221	0.000009804
	1222	0.000006737
	1223	0.000034580
	1224	0.000036260
	1225	0.000025270
	1226	0.000000159
	1227	0.000019576
	1228	0.000010314
	1229	0.000004590
	1230	0.000000000
	1231	0.000014352
	1232	0.000029409
	1233	0.000020419
	1234	0.000000000
	1235	0.000006592
	1236	0.000023646
	1237	0.000005498
	1238	0.000028638
	1239	0.000007054
	1240	0.000000000
	1241	0.000030662
	1242	0.000030940
	1243	0.000003865
	1244	0.000005377
	1245	0.000009301
	1246	0.000024608
	1247	0.000016677
	1248	0.000017281
	1249	0.000000000
	1250	0.000026561
	1251	0.000027153
	1252	0.000000000
	1253	0.000024947
	1254	0.000021783
	1255	0.000007228
	1256	0.000000772
	1257	0.000015412
	1258	0.000006139
	1259	0.000003178
	1260	0.000020204
	1261	0.000005015
	1262	0.000006867
	1263	0.000026712
	1264	0.000014740
	1265	0.000028610
	1266	0.000000000
	1267	0.000000000
	1268	0.000000000
	1269	0.000000000
	1270	0.000002405
	1271	0.000007485
	1272	0.000005880
	1273	0.000024165
	1274	0.000024125
	1275	0.000027679
	1276	0.000027846
	1277	0.000000000
	1278	0.000025778
	1279	0.000009542
	1280	0.000000000
	1281	0.000006722
	1282	0.000003819
	1283	0.000000000
	1284	0.000000000
	1285	0.000000000
	1286	0.000000000
	1287	0.000002727
	1288	0.000002404
	1289	0.000018658
	1290	0.000000000
	1291	0.000000000
	1292	0.000006686
	1293	0.000000000
	1294	0.000000000
	1295	0.000000000
	1296	0.000000061
	1297	0.000000000
	1298	0.000025293
	1299	0.000023970
	1300	0.000008593
	1301	0.000000000
	1302	0.000000000
	1303	0.000011621
	1304	0.000000000
	1305	0.000017329
	1306	0.000000000
	1307	0.000023475
	1308	0.000002722
	1309	0.000000000
	1310	0.000006440
	1311	0.000001170
	1312	0.000007592
	1313	0.000000000
	1314	0.000019292
	1315	0.000000000
	1316	0.000000916
	1317	0.000011150
	1318	0.000015658
	1319	0.000013308
	1320	0.000012413
	1321	0.000000000
	1322	0.000014675
	1323	0.000016685
	1324	0.000011464
	1325	0.000000000
	1326	0.000019063
	1327	0.000023908
	1328	0.000011635
	1329	0.000014011
	1330	0.000014613
	1331	0.000000000
	1332	0.000000000
	1333	0.000000000
	1334	0.000016077
	1335	0.000000000
	1336	0.000019838
	1337	0.000012006
	1338	0.000022555
	1339	0.000000000
	1340	0.000000943
	1341	0.000018121
	1342	0.000014096
	1343	0.000013827
	1344	0.000000000
	1345	0.000000000
	1346	0.000007663
	1347	0.000001132
	1348	0.000000000
	1349	0.000000000
	1350	0.000006723
	1351	0.000000000
	1352	0.000000000
	1353	0.000000045
	1354	0.000000000
	1355	0.000007493
	1356	0.000000000
	1357	0.000000000
	1358	0.000013446
	1359	0.000003159
	1360	0.000002367
	1361	0.000006992
	1362	0.000000000
	1363	0.000000000
	1364	0.000009609
	1365	0.000000000
	1366	0.000000000
	1367	0.000011678
	1368	0.000003206
	1369	0.000006819
	1370	0.000000000
	1371	0.000018209
	1372	0.000000000
	1373	0.000000000
	1374	0.000016434
	1375	0.000002822
	1376	0.000000000
	1377	0.000020576
	1378	0.000000000
	1379	0.000013722
	1380	0.000000000
	1381	0.000000000
	1382	0.000010975
	1383	0.000000000
	1384	0.000000000
	1385	0.000013778
	1386	0.000010287
	1387	0.000000000
	1388	0.000000000
	1389	0.000000000
	1390	0.000000000
	1391	0.000000000
	1392	0.000000000
	1393	0.000019080
	1394	0.000016321
	1395	0.000000000
	1396	0.000000000
	1397	0.000000000
	1398	0.000000000
	1399	0.000000000
	1400	0.000000000
	1401	0.000019610
	1402	0.000000000
	1403	0.000000000
	1404	0.000017776
	1405	0.000019377
	1406	0.000002556
	1407	0.000019549
	1408	0.000000000
	1409	0.000009268
	1410	0.000005044
	1411	0.000017777
	1412	0.000000000
	1413	0.000006053
	1414	0.000000000
	1415	0.000000000
	1416	0.000000000
	1417	0.000000000
	1418	0.000010546
	1419	0.000000000
	1420	0.000000000
	1421	0.000013865
	1422	0.000000000
	1423	0.000005997
	1424	0.000016118
	1425	0.000017540
	1426	0.000000000
	1427	0.000000000
	1428	0.000001534
	1429	0.000000000
	1430	0.000000000
	1431	0.000015904
	1432	0.000000000
	1433	0.000000000
	1434	0.000015854
	1435	0.000000000
	1436	0.000000000
	1437	0.000000000
	1438	0.000009142
	1439	0.000000000
