1	0,0000279349
2	0,0001061324
4	0,0000198594
8	0,0000318299
9	0,0000153239
11	0,0000279358
14	0,0000236798
15	0,0000220518
18	0,0000366949
29	0,0000141991
34	0,0000228819
37	0,0000129125
39	0,0000284208
40	0,0000129665
41	0,0000305600
45	0,0000314228
49	0,0000199448
55	0,0000131606
56	0,0000347805
58	0,0000307327
59	0,0000317310
69	0,0000159798
78	0,0000227684
82	0,0000160085
90	0,0000284086
100	0,0000123382
102	0,0000286328
103	0,0000204298
105	0,0000310507
108	0,0000215302
135	0,0000282525
139	0,0000434801
143	0,0000312232
199	0,0000339267
207	0,0000183235
379	0,0000156840
382	0,0000181420
384	0,0000299575
385	0,0000140290
390	0,0000305536
403	0,0000369745
404	0,0000693403
405	0,0000143010
406	0,0000637772
410	0,0000275223
411	0,0000277646
412	0,0000324087
413	0,0000461816
415	0,0001004239
416	0,0000539664
418	0,0000638141
419	0,0000291451
420	0,0000769933
422	0,0000642359
423	0,0000354888
424	0,0000722379
425	0,0000556855
426	0,0000479048
427	0,0001146558
428	0,0000240182
429	0,0001322708
430	0,0001618525
431	0,0001320626
432	0,0000826505
433	0,0000598220
434	0,0000717879
435	0,0000495616
436	0,0000610695
437	0,0000553736
438	0,0000207826
439	0,0000195200
440	0,0001778316
441	0,0001741572
442	0,0000938500
443	0,0000930250
444	0,0000830921
445	0,0001191984
446	0,0001407070
447	0,0001196713
448	0,0000754017
449	0,0001598485
450	0,0001199003
451	0,0001632168
452	0,0001080618
453	0,0002922524
454	0,0002886671
455	0,0002141813
456	0,0000952470
457	0,0002909371
458	0,0002825899
459	0,0004950735
460	0,0001825251
461	0,0003006767
462	0,0003453432
463	0,0002053215
464	0,0002201823
465	0,0002215167
466	0,0002456245
467	0,0001675435
468	0,0002260083
469	0,0006051408
470	0,0001187287
471	0,0002131565
472	0,0003918555
473	0,0004810224
474	0,0005363137
475	0,0005341986
476	0,0001979765
477	0,0004958611
478	0,0002958265
479	0,0004273792
480	0,0006860197
481	0,0003829758
482	0,0002490357
483	0,0004190282
484	0,0004154582
485	0,0003702735
486	0,0004638155
487	0,0003645020
488	0,0004439436
489	0,0002029502
490	0,0003425189
491	0,0003750031
492	0,0003826749
493	0,0007263584
494	0,0007800066
495	0,0006292171
496	0,0003493085
497	0,0003541732
498	0,0007686738
499	0,0009512036
500	0,0004845806
501	0,0006240304
502	0,0005781870
503	0,0010509724
504	0,0004125557
505	0,0005522317
506	0,0006349307
507	0,0005792370
508	0,0009604621
509	0,0007739465
510	0,0008237587
511	0,0009408118
512	0,0005115814
513	0,0008536390
514	0,0007829952
515	0,0005520775
516	0,0007447135
517	0,0008535634
518	0,0008376666
519	0,0006462098
520	0,0006102439
521	0,0011076689
522	0,0004218066
523	0,0015827086
524	0,0014556133
525	0,0008552172
526	0,0009465020
527	0,0013055813
528	0,0013465803
529	0,0014198225
530	0,0013212193
531	0,0008085655
532	0,0011400522
533	0,0017779337
534	0,0008592571
535	0,0012590807
536	0,0010782094
537	0,0012020220
538	0,0011588304
539	0,0015709157
540	0,0012486276
541	0,0014143580
542	0,0011162552
543	0,0011782140
544	0,0008065126
545	0,0009246301
546	0,0011454089
547	0,0019494191
548	0,0019838621
549	0,0018223435
550	0,0019195256
551	0,0018043783
552	0,0016320542
553	0,0018433852
554	0,0015658204
555	0,0013463773
556	0,0009175645
557	0,0019481795
558	0,0022387094
559	0,0018649097
560	0,0013164739
561	0,0009773056
562	0,0020381977
563	0,0011615972
564	0,0018034310
565	0,0022159416
566	0,0014434429
567	0,0011224750
568	0,0019871413
569	0,0008420049
570	0,0008970947
571	0,0016146152
572	0,0017249874
573	0,0012098352
574	0,0017114523
575	0,0011837217
576	0,0014607644
577	0,0021886741
578	0,0016405190
579	0,0020359228
580	0,0018353757
581	0,0021733146
582	0,0013243436
583	0,0010408398
584	0,0007186044
585	0,0018317759
586	0,0015594759
587	0,0018903423
588	0,0012244149
589	0,0017966416
590	0,0011269005
591	0,0020732404
592	0,0013219096
593	0,0016878026
594	0,0009105120
595	0,0020575343
596	0,0019146738
597	0,0018163826
598	0,0012474713
599	0,0021895052
600	0,0011780755
601	0,0010784871
602	0,0016729536
603	0,0015243856
604	0,0009832003
605	0,0011840520
606	0,0011659215
607	0,0009801675
608	0,0023963794
609	0,0012112930
610	0,0009364774
611	0,0012469778
612	0,0010944775
613	0,0019370262
614	0,0021417913
615	0,0012946631
616	0,0016683992
617	0,0015002317
618	0,0013552074
619	0,0013211176
620	0,0020114563
621	0,0008152839
622	0,0017782378
623	0,0008733032
624	0,0021580043
625	0,0008575271
626	0,0015174360
627	0,0021882498
628	0,0012923791
629	0,0026724793
630	0,0024881284
631	0,0020452349
632	0,0019612752
633	0,0024800512
634	0,0009414101
635	0,0010914913
636	0,0026366720
637	0,0006633430
638	0,0020459323
639	0,0030895414
640	0,0007132328
641	0,0022258062
642	0,0020158880
643	0,0010441333
644	0,0018202983
645	0,0024739762
646	0,0013912899
647	0,0023948525
648	0,0010454499
649	0,0024045091
650	0,0011791832
651	0,0018401779
652	0,0015824658
653	0,0022488829
654	0,0014541067
655	0,0022424589
656	0,0018141433
657	0,0015026786
658	0,0009169768
659	0,0009374619
660	0,0012348072
661	0,0012505253
662	0,0009333208
663	0,0016361403
664	0,0012048656
665	0,0021633740
666	0,0009581528
667	0,0017157720
668	0,0016956594
669	0,0016889945
670	0,0007715609
671	0,0013889849
672	0,0017738796
673	0,0014218197
674	0,0023129319
675	0,0016692015
676	0,0021798748
677	0,0009802860
678	0,0020399997
679	0,0014259785
680	0,0012681938
681	0,0012586993
682	0,0015325539
683	0,0024380869
684	0,0013578247
685	0,0022259297
686	0,0024786737
687	0,0009225713
688	0,0009464589
689	0,0011742350
690	0,0008257906
691	0,0016090566
692	0,0021607525
693	0,0016053204
694	0,0006837213
695	0,0015005805
696	0,0016917613
697	0,0010490123
698	0,0012248356
699	0,0022376343
700	0,0010154427
701	0,0019439956
702	0,0019871068
703	0,0017315116
704	0,0023491800
705	0,0010432778
706	0,0019159568
707	0,0019655654
708	0,0011381600
709	0,0022008595
710	0,0015655816
711	0,0018728341
712	0,0013836494
713	0,0008897338
714	0,0016711901
715	0,0020185071
716	0,0014254785
717	0,0018741149
718	0,0017655583
719	0,0013767074
720	0,0009530316
721	0,0024035639
722	0,0013284409
723	0,0024239591
724	0,0016857649
725	0,0014330734
726	0,0013080386
727	0,0009004512
728	0,0018026062
729	0,0021699513
730	0,0013082807
731	0,0007347921
732	0,0008997577
733	0,0015504293
734	0,0008113089
735	0,0022437524
736	0,0022025255
737	0,0008856714
738	0,0021869193
739	0,0018726785
740	0,0012629254
741	0,0015712548
742	0,0014443401
743	0,0016746646
744	0,0016500342
745	0,0017234341
746	0,0023165144
747	0,0018838763
748	0,0009790180
749	0,0023707011
750	0,0016841385
751	0,0014141737
752	0,0018889008
753	0,0013648968
754	0,0012982118
755	0,0015275521
756	0,0023207085
757	0,0010520055
758	0,0017385355
759	0,0022995286
760	0,0009880852
761	0,0009858547
762	0,0017040697
763	0,0014164207
764	0,0020080780
765	0,0010760888
766	0,0022262056
767	0,0013318092
768	0,0010971027
769	0,0024742379
770	0,0016221645
771	0,0016703984
772	0,0009923982
773	0,0012710218
774	0,0021020290
775	0,0026131448
776	0,0018686091
777	0,0016526142
778	0,0020790048
779	0,0023569665
780	0,0010979956
781	0,0022302002
782	0,0018639197
783	0,0022135219
784	0,0009039021
785	0,0020871894
786	0,0023793147
787	0,0022095437
788	0,0015286046
789	0,0021828146
790	0,0022935861
791	0,0007936759
792	0,0009811882
793	0,0018682868
794	0,0010918827
795	0,0020765818
796	0,0018248435
797	0,0019052519
798	0,0020706748
799	0,0022639770
800	0,0024856355
801	0,0012384370
802	0,0014798400
803	0,0021572328
804	0,0010515820
805	0,0008424500
806	0,0013074924
807	0,0009550265
808	0,0009601214
809	0,0021101066
810	0,0020480164
811	0,0010637419
812	0,0009290871
813	0,0006345971
814	0,0021530021
815	0,0013750753
816	0,0013782366
817	0,0017387951
818	0,0012685327
819	0,0011972530
820	0,0010997123
821	0,0013056780
822	0,0010458200
823	0,0016818851
824	0,0014864171
825	0,0013051664
826	0,0022398227
827	0,0009077377
828	0,0010007255
829	0,0009725098
830	0,0016663304
831	0,0010274768
832	0,0011575839
833	0,0015298611
834	0,0011890549
835	0,0010915291
836	0,0015401404
837	0,0007503830
838	0,0021160922
839	0,0016839343
840	0,0014592004
841	0,0017463017
842	0,0021877103
843	0,0007810663
844	0,0011938677
845	0,0013283831
846	0,0019382667
847	0,0016775990
848	0,0015933763
849	0,0011170028
850	0,0012379579
851	0,0011106605
852	0,0015184671
853	0,0013464548
854	0,0023994888
855	0,0025343663
856	0,0012202187
857	0,0020291722
858	0,0011840285
859	0,0015991701
860	0,0022150303
861	0,0009268924
862	0,0019478205
863	0,0007820124
864	0,0008191408
865	0,0018440282
866	0,0007489634
867	0,0022994204
868	0,0015423902
869	0,0010428050
870	0,0010349508
871	0,0012797650
872	0,0016356007
873	0,0013138306
874	0,0013495284
875	0,0015816467
876	0,0022904741
877	0,0024250332
878	0,0015058002
879	0,0014051494
880	0,0027384173
881	0,0020896636
882	0,0011561153
883	0,0016531267
884	0,0007500031
885	0,0012643460
886	0,0020510862
887	0,0007093681
888	0,0021668665
889	0,0014912799
890	0,0010378278
891	0,0010474124
892	0,0017368217
893	0,0020555632
894	0,0008632588
895	0,0008341125
896	0,0007503791
897	0,0015894330
898	0,0009263889
899	0,0015172003
900	0,0014282516
901	0,0010319704
902	0,0015692299
903	0,0016880890
904	0,0009368150
905	0,0019981553
906	0,0013034212
907	0,0017118039
908	0,0018197230
909	0,0008978987
910	0,0024331965
911	0,0012893162
912	0,0021521024
913	0,0012464145
914	0,0015804879
915	0,0018685363
916	0,0011205759
917	0,0009026250
918	0,0014947042
919	0,0008693075
920	0,0011653938
921	0,0020782907
922	0,0014551901
923	0,0016615233
924	0,0009742949
925	0,0019631655
926	0,0012115456
927	0,0016725792
928	0,0015217621
929	0,0017286620
930	0,0018834161
931	0,0020214765
932	0,0006587703
933	0,0008022153
934	0,0010528386
935	0,0014515738
936	0,0017389903
937	0,0013020308
938	0,0011823344
939	0,0009528575
940	0,0013708409
941	0,0017743113
942	0,0015934334
943	0,0008167916
944	0,0015537991
945	0,0013598332
946	0,0010986950
947	0,0019083266
948	0,0009286996
949	0,0011892852
950	0,0014130023
951	0,0013575381
952	0,0016235825
953	0,0007902804
954	0,0014869060
955	0,0015883358
956	0,0020479297
957	0,0007473083
958	0,0016598688
959	0,0006619222
960	0,0007677505
961	0,0006015586
962	0,0007769214
963	0,0014341710
964	0,0006166993
965	0,0005688986
966	0,0007120895
967	0,0009261038
968	0,0014290816
969	0,0009786597
970	0,0004599014
971	0,0011685848
972	0,0009448094
973	0,0012316076
974	0,0014205579
975	0,0008278043
976	0,0006535348
977	0,0009700357
978	0,0007603522
979	0,0006156627
980	0,0009599499
981	0,0006021032
982	0,0006758818
983	0,0007315501
984	0,0004815249
985	0,0012230407
986	0,0006483084
987	0,0011238894
988	0,0004513745
989	0,0010590837
990	0,0008655741
991	0,0008174461
992	0,0014284917
993	0,0010723596
994	0,0011191878
995	0,0005274072
996	0,0004562073
997	0,0008866317
998	0,0009327687
999	0,0009725675
1000	0,0007566014
1001	0,0012727568
1002	0,0006363236
1003	0,0007944951
1004	0,0006919762
1005	0,0008891429
1006	0,0003688812
1007	0,0008831763
1008	0,0015623952
1009	0,0008659729
1010	0,0005513743
1011	0,0005830933
1012	0,0007253419
1013	0,0003699961
1014	0,0006769623
1015	0,0008091129
1016	0,0007888318
1017	0,0005068576
1018	0,0009797097
1019	0,0011724307
1020	0,0002969575
1021	0,0010721008
1022	0,0002576070
1023	0,0007844988
1024	0,0003426911
1025	0,0005141958
1026	0,0005280158
1027	0,0006891303
1028	0,0007762076
1029	0,0007098120
1030	0,0004035584
1031	0,0002263503
1032	0,0003262106
1033	0,0009398646
1034	0,0006644375
1035	0,0005331733
1036	0,0002575789
1037	0,0007180138
1038	0,0005173587
1039	0,0003096170
1040	0,0008291384
1041	0,0003183115
1042	0,0002857623
1043	0,0004115901
1044	0,0004941483
1045	0,0004567921
1046	0,0009424083
1047	0,0002510981
1048	0,0002789813
1049	0,0003081596
1050	0,0004466888
1051	0,0003255709
1052	0,0001300996
1053	0,0004732537
1054	0,0001963219
1055	0,0003052901
1056	0,0002554045
1057	0,0003204373
1058	0,0005077327
1059	0,0003455818
1060	0,0002158385
1061	0,0002527326
1062	0,0002361735
1063	0,0001862889
1064	0,0002038775
1065	0,0001543211
1066	0,0001792564
1067	0,0004255965
1068	0,0002424643
1069	0,0003171370
1070	0,0002158659
1071	0,0003049802
1072	0,0004149226
1073	0,0004637828
1074	0,0003247680
1075	0,0004811153
1076	0,0001722417
1077	0,0004953506
1078	0,0002187114
1079	0,0000998703
1080	0,0004949634
1081	0,0003845644
1082	0,0003253044
1083	0,0006378470
1084	0,0005441231
1085	0,0003168282
1086	0,0003991155
1087	0,0002974305
1088	0,0001450156
1089	0,0004010480
1090	0,0002166694
1091	0,0005983200
1092	0,0002001698
1093	0,0001711263
1094	0,0003036357
1095	0,0001942225
1096	0,0003657014
1097	0,0003958264
1098	0,0002306914
1099	0,0001585163
1100	0,0003726355
1101	0,0004309253
1102	0,0003088080
1103	0,0003015375
1104	0,0004112217
1105	0,0003131651
1106	0,0001807054
1107	0,0002439692
1108	0,0002005889
1109	0,0004304036
1110	0,0002630444
1111	0,0001491209
1112	0,0004076587
1113	0,0002214348
1114	0,0001675940
1115	0,0004048084
1116	0,0001721814
1117	0,0002021480
1118	0,0000949004
1119	0,0003629443
1120	0,0001804254
1121	0,0003157674
1122	0,0001275161
1123	0,0000493762
1124	0,0002326679
1125	0,0003644705
1126	0,0001915652
1127	0,0001915466
1128	0,0003636777
1129	0,0002086643
1130	0,0002235867
1131	0,0002740031
1132	0,0001959705
1133	0,0002433572
1134	0,0003371026
1135	0,0001219069
1136	0,0003543060
1137	0,0002185130
1138	0,0000587658
1139	0,0001788306
1140	0,0001641807
1141	0,0003777132
1142	0,0001908776
1143	0,0001579663
1144	0,0002066005
1145	0,0001012618
1146	0,0002830589
1147	0,0001823436
1148	0,0001599023
1149	0,0002032188
1150	0,0001225733
1151	0,0001608076
1152	0,0000944286
1153	0,0001304897
1154	0,0000709923
1155	0,0002410845
1156	0,0001802096
1157	0,0000813125
1158	0,0000988792
1159	0,0000710499
1160	0,0002327646
1161	0,0001410531
1162	0,0001070331
1163	0,0002777321
1164	0,0001238619
1165	0,0002324771
1166	0,0000597011
1167	0,0005204173
1168	0,0003018326
1169	0,0001704260
1170	0,0004241900
1171	0,0003235894
1172	0,0003412545
1173	0,0001380515
1174	0,0001286653
1175	0,0001338363
1176	0,0002136605
1177	0,0002003350
1178	0,0001313729
1179	0,0004539357
1180	0,0002575835
1181	0,0001334685
1182	0,0000682314
1183	0,0001788508
1184	0,0001175563
1185	0,0003180678
1186	0,0004369077
1187	0,0001890973
1188	0,0001558358
1189	0,0002383674
1190	0,0001647132
1191	0,0002012740
1192	0,0001210716
1193	0,0000858682
1194	0,0001627529
1195	0,0000952768
1196	0,0000495625
1197	0,0000509271
1198	0,0002087702
1199	0,0001138427
1200	0,0002064894
1201	0,0001413577
1202	0,0001587128
1203	0,0001168038
1204	0,0000482030
1205	0,0002521943
1206	0,0000817767
1207	0,0001912789
1208	0,0000973169
1209	0,0002403223
1210	0,0000971929
1211	0,0000985406
1212	0,0001305687
1213	0,0001017544
1214	0,0000847621
1215	0,0001288684
1216	0,0000843936
1217	0,0002380035
1218	0,0001490333
1219	0,0000969226
1220	0,0001444711
1221	0,0000247055
1222	0,0001763454
1223	0,0000731343
1224	0,0000966138
1225	0,0001819647
1226	0,0001738874
1227	0,0001442218
1228	0,0001008428
1229	0,0001771874
1230	0,0000435959
1231	0,0000762737
1232	0,0001512865
1233	0,0000863041
1234	0,0000606362
1235	0,0002060444
1236	0,0001384672
1237	0,0001441469
1238	0,0003054018
1239	0,0001056720
1240	0,0001184054
1241	0,0002091808
1242	0,0000965930
1243	0,0000580024
1244	0,0001145512
1245	0,0000460957
1246	0,0000611947
1247	0,0000710708
1248	0,0001343230
1249	0,0002493695
1250	0,0001661743
1251	0,0001031510
1252	0,0000849981
1253	0,0000851852
1254	0,0001010421
1255	0,0001404198
1256	0,0000340883
1257	0,0000640014
1258	0,0001974857
1259	0,0000434381
1260	0,0002528456
1261	0,0002018071
1262	0,0000693803
1263	0,0002545389
1264	0,0000409455
1265	0,0001387790
1266	0,0001349155
1267	0,0001126402
1268	0,0000856100
1269	0,0000482738
1270	0,0000974482
1271	0,0000465193
1272	0,0000260534
1273	0,0000951359
1274	0,0000368326
1275	0,0000129698
1276	0,0000486064
1278	0,0000447331
1279	0,0000647609
1280	0,0001466635
1281	0,0000550919
1282	0,0000203133
1283	0,0001073106
1285	0,0001146566
1286	0,0000730130
1287	0,0001426484
1288	0,0000168073
1289	0,0000584492
1290	0,0000777719
1292	0,0001328749
1293	0,0001424031
1294	0,0000500178
1296	0,0001005452
1297	0,0000853873
1298	0,0000733612
1299	0,0000538821
1301	0,0001188704
1302	0,0000307082
1303	0,0000398480
1304	0,0000599652
1306	0,0000163771
1307	0,0000330857
1308	0,0000336272
1309	0,0001581733
1310	0,0000301037
1312	0,0000355971
1313	0,0001373705
1314	0,0000549445
1315	0,0000385108
1316	0,0000518485
1317	0,0001799808
1318	0,0005810198
1319	0,0001252052
1320	0,0000423737
1321	0,0000479929
1322	0,0001125224
1323	0,0000298126
1324	0,0000510577
1326	0,0000226303
1327	0,0000844000
1328	0,0000537586
1329	0,0000286247
1330	0,0000168764
1331	0,0000306381
1333	0,0000650104
1334	0,0000365376
1336	0,0000422814
1337	0,0000509944
1338	0,0000330373
1342	0,0000355181
1343	0,0000171839
1344	0,0000659884
1345	0,0000174684
1346	0,0000189025
1348	0,0000267539
1349	0,0000224294
1351	0,0000338814
1352	0,0000177225
1353	0,0000711650
1354	0,0000311507
1355	0,0000823933
1356	0,0000223370
1357	0,0000496368
1358	0,0000334620
1360	0,0000206166
1361	0,0000318551
1362	0,0000577653
1363	0,0000389118
1364	0,0000259757
1366	0,0000531462
1367	0,0000283031
1368	0,0000157386
1369	0,0000143015
1370	0,0000169456
1373	0,0000704231
1375	0,0000341503
1376	0,0000275624
1380	0,0000143950
1381	0,0000312721
1384	0,0000530070
1386	0,0000425457
1387	0,0001199046
1388	0,0000144349
1389	0,0000183398
1390	0,0000120282
1391	0,0000316084
1392	0,0000273462
1394	0,0000179979
1395	0,0000267561
1396	0,0000678175
1398	0,0000261169
1399	0,0000207256
1400	0,0000287595
1402	0,0000158361
1406	0,0000619802
1409	0,0000309036
1418	0,0000501607
1420	0,0000161511
1422	0,0000202393
1424	0,0000201244
1426	0,0000264096
1429	0,0000668315
1430	0,0000602302
1431	0,0000342745
1432	0,0000255948
1434	0,0000345668
1435	0,0000259047
1436	0,0000172099
1439	0,0000134354