1546
285
192
62
150
290
44
173
154
167
218
79
100
193
22
259
3276
265
4078
146
209
152
5
289
198
164
79
129
259
251
172
235
128
185
281
250
1388
194
168
7
274
2596
240
59
179
228
74
278
105
256
29
131
60
16
18
38
17
265
264
178
149
195
442
197
161896
19
36
300
100
172
421
273
34
13
38
73
127
173
25995
134
242
123
85
1809
172
105
234
149
4746
91
102
1854
169
292
50
221
51
144
105
251
210
14
203
126
190
136
79
82
20
273
284
52
131
148
33
195
293
174
267
74
263
261
133
83
45
55
47
251
141
243
146
127
84
268
131
194
647
190
277
115
227
126
113
294
150
42
271
109
250
273
7
196
674
2871
218
11
224
168
240
228
70
187
270
233
4922
2089
62
3548
2013
4057
59
10
39
983
168
269
97
140
138
2655
278
136
48
14
81
235
254
42
42
82
182
197
2227
214
44
174
171
294
249
122
52
290
203
2289
62
136
163
285
218
197
155
82
280
214
68
60
113
60
51
4247
76
3864
86
11
68
241
284
112
2626
14
34
214
91
18
198
260
39
85
117
183
156
61
289
409
21
73
103
43
227
206
299
487
6
169
101
987
66
3923
207
83
65
183
70
94
106
131
163
202
90
271
175043
257
115
181
2165
228
163
101
185
122
3207
180
242
23
297
288
141
165
24
270
215
218
123141
144
162
98
67
2307
299
434
275
4458
112
285
238
106
227
75
131
234
286
293
123
92
233
9
266
209
291
21
207
262
274
282
2674
40
281
180
67
112
130
214
297
228
239
3590
53
102
165
4498
57
245
886
276
124
234
42
215
102
128
239
133
100
134
40
983
119
187
106
37
199
134
262
217
75
213
85
121
239
108
81
106
71
101
30
178
288
1096
35
3569
30
56
106
73
164
78
4616
3696
262
281
238891
87
76
74
3406
133
294
16
147
3199
228
88
149
245
130
240
49
261
9
111
181
30
49
264
101
1523
48
64
266
130
230
45
127
132
298
109
134
35
118
176
254
28
253
161
42
142
139
47
191
133
50
88
93
279
67
192
155
2482
152
31
241
781
2881
154
100
225
219
2825
137
38
276
4656
849
122
142
176
40
114
1388
234
122
247
285
139
161
79
3764
286
79
165
82
89
30
220
226
123
77
95
278
291
154
299
10696
117
161
12
157
4281
1097
21
246062
209
36
187
9
17
73
240
101605
2129
44
143
178
264
290
3145
14
77
232
284
215
42
282
133
212
266
78
131
228
85
22
19783
204
203
208
288
250
181
14
283
230
147
107
813
218
90
219
11
22
20
67
26
287
34
285
175
183
239
79
145
110
79
75
81
246
249
107
65
45
130
298
202
179
117
12
108
293
176
237
291
23
277
188
290
39
55
160
290
259
210
261
155
260
1842
9208
83
227
114
142
123
260
93
17
148
80
215
286
62
155
129
221
156
187
79
131
274
198
191
275
3676
231
238
3475
138
57
293
218
63
180
180
288
196
55
139
132
251
66
2557
52
97
300
145
212
136
174
161
187
174
262
149
63
138
79
4933
34
194
293
138
201
112
4630
82
22
106
4349
46
282
147
42
1424
229
148
263
1315
193
247
17
49
201
85
152
234
46
55
166
199
111
95
213
69
84
884
4993
83
220
1959
10
111
148
295
299
208
143
93
4689
202
50
258
142
226
50
184
187
49
220
220
260
280
228
176
81
121
116
207
168
40
139
204622
71
204
260
223
193
261
2578
150
148
234
67
200
233
108
298
56
243
64
1644
66
125
87
196
1832
167
61
167
199
229
273
72
112
29
233
294
192
120
163
160
251
191
158
49
117
41
205
181
152915
26
185
81
2100
253
204
94
239609
168
20
4693
1869
3599
124
297
9
164
253
61
206
191
116
132
159
278
274
241
97
136
187
213
127
165
163
66
152
128
249
223
300
39
68
186234
87
187
53
72
71
281
28
12
99
180
279
80283
181
47
282
134
63
2996
296
175
88
262
171
297
211
154
48
2158
37
30
272
248
167
220
272
276
38
229
116
267
11
151
77
105
86
68
173
161
75
286
238
10
136
7
100
3148
251
173
59
286
252
278
173
278
4857
230
139
261
140
147
142
17
213
423
255
11
42
246
196
234
155
151
53
26
270
160
120
110
112
4349
85
89
166
56
37
217
179
165
115
300
94
34
71
208
295
185
118
238
107
57
146
4160
296
22
130
1289
178
12
276
136
2652
246
252
300
25
14
255
16
255
182
83
65
228
187
14
211
106
141
15
209
3609
3316
14
246
1028
215
26
289
33
264
79
129
25
270
5
102
17
29
2880
283
172
122
200
198
177
261
283
130
59
66
183
167
136
281
4420
278
222
230
213
140
197
182
118
137
133
1896
296
1415
185939
12
295
254
50
10
227
210235
37
273
276
296
262
205
265
10
70
2275
45
296
229
249
3587
151
99
5
266
2055
109
192
24
36
115
109
132
262
219
235
93
268
211
146
167
270
129
187
280
50
283
134
169
211
211
4390
181
86
224
271
274
55
294
4876
280
94
4669
187
223
88
214924
197
116
251
144
26
128
43
254
208
182063
230
42
159
106
71
101
4256
4527
48
299
56
143
281
176
160
144
7
281
26
197
145
99
284
235
173
236
79
266
176653
1878
253
252
196
281
252
146
257
133
229
242
59
37
79
195
276
2020
106
98
144
277
23
168
224
237
272
88
11
165
136
143
95
159
201
204
187
269
218
166
249
68
42
4252
118
168
41
288
285
161
130
125
228
125
218
181
298
55
253
85
25
166
97
2511
4909
208
296
4762
164
110
172
63
102
60
58
256
78
216
199
1972
299
118
191
47
224
126
110
185
217
96
178
283
84
39
101
149
243
261
1495
23
26
217
231
167
93
223
206
253
52
22
273
58
251
220
145
55
123
186
3039
7
104
72
273
239
24
153
294
177
154
113
196
223
192
123
100
267
35
180
183
280
68
76
35
263
54
231435
97
188
277
256
295
3143
297
259
100
252
141
127
153
33
224
127
110
292
279
8
3965
282
125
154
131
215
178
247
114
18
82
105
87
233
248
65
152600
159
95
91
168
1578
2083
3050
141
4372
102
189
254
102
28
94
76
186
15
135
139706
77
277
165
17
175
124
217
24
173
23
199
138
73
101
27
242
206
209
162
255
63
24
261
229
290
290
275
224
92
855
193
215
71
2181
51
130
163
754
18
111
269
230
35
121
113
37
153
56213
63
118
237195
129
10
109
2278
285
147254
293
299
215
297
168
42
200
83
223
181
268
12
41
74
164
187
355
69
249
54
128
234
3989
65
16
183
212
199
282
66
137
94
9
48
63
8
21
40
169
200
4048
29
7
13
122
74
110
117
2226
164
60
196
261
4149
225
237
288
81
154
93
167
111
2716
162
233
23
86
204
2634
190
147
66
92
173
31
25
152
229
160
121
164171
275
7
4343
220
1825
461
122
284
1043
194
128
155219
1947
241
170
233
120
220
232
230
37
136
121
187
36
104
31
88
120
35
297
1161
153
152
247
197
83
216
137
182
138
214
239
78
22
127
228
199
244
285
197
201
53
126
201
63
225
56
14
84
81954
281
109
273
130
33
3588
164
246
195
236
191
57
157
37
136
109
100
758
228
26
177
150
173
1170
227
211
160
3323
66
32
76
454
243
89
85
24
147
29
150
114
3609
166
9
52
192
110831
17
279
64
10
252
158
208
88
32
82
100
193
59
1235
243
159
158
213
182
129
254
75
120
200
227
219
103
3820
9
72
226
33
227
269
213
1635
207
88
187
222
206
219
176
127
19
49
263
1816
127
659
203
199
243
1253
3548
142
50
16
298
83
295
1690
192
265
108
227
188
40
229
121
208
45
285
185
141
256
4912
175
214
190
100
281
34
13
42976
69
53
114
157
218
181
95
83
141
271
79
224
143
63
4434
2656
262
29
70
33
212
3108
228
2954
210
55
273
296
75
50
176
62
33
216
25
258
77
183
291
288
227
106
110
243
3107
280
125
40
299
218199
229
295
129
186
126
182
2294
62
93
255
29
246
5
172
277
132
233
73
109
169
28
3640
178
42
152
762
158
14
95
167
297
211
145
1253
136
265
160
114
128
57
122
199
297
141
147
297
217
233
11
85
130
240
192
75
212
41
54
34
113
124
149
46
116
46
192
206
111
271
100
866
157
239
191
111
266
275
117
13
16
300
226
62
136
21
3485
234
169
108
103
166
45
186
254
810
214
144
106
191
183
87
26
299
299
2503
359
238
254
120
191
162
6
39
252
242
18
185
137
4141
32
29
137
97
71
217
9
61
299
6
107
4478
51
212
109
139
274
234
75
228
22
141
6
265
54
6
146
298
285
201
261
285
286
93
2657
1312
472
89
264
39
66
6
17
53
954
2480
171
237
293
116
249
89
180
79
276
215
61
184
1063
211
57
110
149
132
3005
227
4519
289
12
85
19
73
254
119
146
190
159
211
3265
210
113
222
173
78
48
178
85956
100
92059
178
241
14
259
185
38
148802
205
125
146
3153
218
24
162
3834
82
132
195
23
37
4021
274
109
2974
161
134
58
144
6
26
152
300
246
105
103736
137
277
175
164
95
141
177
226
39
2382
16
127
284
3940
190
665
182
211
208
12
119
132
213
297
103
248
242
30
244
212
197
292
263
179
170
257
225
154
47
275
257
93
263
290
21
46
161
300
3600
217
4342
22
36
79079
72
184
118
183
1758
18
135
99
60
42
145
274
112
223
159
234
9
107
166
241
33
13
293
287
21
128
56
141
6
16
1967
209
77
300
180
283
272
288
244
247
116
16
276
59
221
284
69
202
80
104
102
176
289
7
125
100
153
279
164
64
284
101
219
2768
261
208
229
66
27
285
13
156
49
111
18
4985
219
199
281
148
204
21
175
67
2144
168
39
290
37
230
145
1677
2340
17
110
270
66
167
269
130
77
2230
280
221
247
32
278
58
294
208
270
276
115
1500
17
204
30
262
185
66
180
144
83
71
40
84
255
65
104
15
269
232
212
272
44
166
1074
139
270
107
268
221
77
242
264
24
170
134
139
113
202
283
167
277
198
44
3741
175
46
7
24
15
271
94
227
159345
26
276
148
108
11
277
162
111
161
62
37
285
283
274
180
213
4726
162
3662
69
26
15
90
164
12
286
55
168
282
150
81
41
192
202
294
259
196
124
37
179
292
112
747
190
82
81
49
138
127
123
184
295
51
254
1646
118
72
198
70
222
99
30
204
30
177
199
3062
264
296
12
179
62
264
109
145
155
51
284
200
101
263
276
170
115
74
190
259
54
65
289
170
115
929
154
7
267
96
73
89
182
106
187
164
113
64
142
188
94
45
99
149
90
146
241
2130
36
165
17
62
161363
228
47
289
155
22
189
60
269
2748
205
267
96
40
121
228
252
156
60
287
208
259
126
226
259
139
227
76
246
14
216
118
139
1269
211
232
4117
168
148
71
258
69
64
203
64
263
299
293
185
283
4650
202
431
277
236
4777
108
250
111
264
57
118
261
283
148
60
195
295
51
192
168
30
84
271
256
89
1195
264
1725
43
285
192
88
273
94
248
71
184
36
93
98
166
256
37
298
241
205
280
162
13
275
118
161
235
77
104
249
227
192
98
4124
188
115
196
144
56
13
292
74
257
56
257
166
156
144
264
180
92
164
4227
1886
258
14
44
165
71
188
13
245
146
248
271
292
47
261
258
248
253
223
117
298
143
193
22
106
285
269
48
251
5
42
126
178
21
250
181
4895
62
163
259
182
95
458
3466
87
169
157
162
188871
4957
253
43
76
8695
119
298
120
193
272
12
130
106
227
144
161
38
162
111
164
236
31
122
177
121
89
295
9
244
71
228
169
23
590
245
211
164
159
293
114
79
226
204
86
147
42
283
152
98
164
126
126
14
231
4887
196
1627
288
63
266
202
3587
138
260
6068
243
14
214
250
36
154
84
11
145
2289
17
297
235
70
229
3985
31
135
232
217
232
86
42
129
129
228
73
3090
55
117
263
19
14
27
282
160
53
155
17
10
220
271
255
33
84
85
19
160
42
261
199
221
6
104
249
800
1499
120
240
163
48
122
84
109403
105
162
237
95
7
229
108
281
257
176
47
53
6
213
11
151
130
267
283
61
76
145
155493
139
120
274
4816
160
125
107
46
216
8
163
226
233
125
299
234
118
24
258
66
18
132
242
152
185
134
1468
67
102
267
91
130
223
77
227
1915
3764
118
283
259
99
275
142
291
296
247
131
93
25
162
133
157
95
3484
102
289
294
149
78
279
3536
198
35
244
159
99
160
232
103
144
219
7
103
252
30
281
9
173
1703
164
286
94
103
22
187
138
110
226
77
238
259
163
17
293
195
279
58
195
53
208
237
189
93
78
103
261
192
214
60
222
267
181
258
16
2729
206
155
6
135
5
279
273
37
239
129
35
80
180
138
67
147
18
107
200
196
25
55
287
61
300
4043
146
297
255
109
145
240
286
263
135
81746
211
78
155
20
34493
151
276
157
109
130
79
295
285
292
106
73
218
119
257
4903
46
34
192
244
204924
161
357
233
63
97
110
10
127
246
292
104
3067
41
1962
236
259
168
164470
88
2919
88
299
199
31
255
242
230
38621
228
173
250
20
115963
299
33
269
180
26
259
274
166
1535
266
228
231
79
266
260
154
70
9
141
171
94
2691
98
188
288
173
214
40
112
11
138
210
211
177
18
52
120
814
190
3620
90
18
136
140
179
102
252
78
274
113
36
197
74
175
38
93792
1591
63
158
102361
288
4566
163
218
278
198
129
1421
34
55
24
19
149000
53
1164
138
226
206
192
131
200
29
194
15
129
129
232
225
294
165
176
279
106
65
195
152
64
16
3036
158
215
272
109
228126
273
131
205
258
155
78
126
224
60
150
157
111
79
14953
294
257
188
99
209
109333
231
119
285
268
285
227
2641
200
84
81
177
133
145
109
71
39
161
155
95
236
245
64
107
160
68
257
268
68
171
36
237
34
299
139
234
98
119
118
237
219
281
247
273
20
153
27
130
380
142
131
200
199
219
116
205
43
192
209
233
89
95
104
100
218
251
136
2828
206
220
289
195
275
8
32
63
291
142
31
266
228
40
71
144
140
271
25
228
53626
194
2800
150
287
3066
168
3511
161
277
119
34
146
297
299
202
60
158697
91
69420
87
4047
167
169
285
8
258
135
286
116
239
524
279
171
4900
54
2961
136
194
121
244
289
252
23
11
287
224
271
79
222
136
162
3072
162
129
128
209
2259
52
8
215
81
293
2884
214
23
53
260
181
150
47
68
268
57
101
85
275
262
35
110
35145
66
203
169
90846
119
160
241
210
237
21
117
208
497
123
103
90
131
22
271
22
143
178
139
171
240
246
292
128
118
83
209
4810
188
122
154
124
71
253
62
281
151
237
2316
296
51
135
4018
214
146
157
105
73
262
183
55
211
3601
1208
195
210
18
135
208
293
228
300
272
91
105
117
146
81
25351
197
82
256
63
21873
58
266
241
6
282
139
163
9
67
247
226
233
13
222
58
100
236
105
50
71
4175
1496
206
101
68
90
114
36
229
127
50
86
26
228
189804
95
290
50
282
1021
295
286
212
233
11
129
18
4126
142
42
120
70
90
297
273
179
103
68469
27
155
223
31
26
44
65
180
4779
208
73
265
94
404
1135
219
79
21
51
233
79
260
297
4771
91
112
238
207
285
193
3892
79
90
220
174
19
136
121
28
45
289
59
1414
176
88
24601
188
102
202
235
196
20
27
203
3151
47313
8
232
80
254
166
287
110
239
176
134
189
2102
134
161
84
222
45
224
53
297
12
3202
142
71
180
243
120
213
211
294
19
289
69
113
77
1176
274
38
162
121
191
260
150
106
145
244
231
259
33
269
58
21
116
151
19
267
149
256
1187
158
292
217
56
91
42
45
20
209
81
51
122
3010
33
291
6
284
1676
98
123
235
20
272
72100
29
143083
138
114
182
278
296
238
297
73
97
2507
105
271
145
36
3231
141
55
103
198
2650
104
30
100
107
261
177
92966
202
4598
154
42
137
299
287
26
178
18
35
931
244
243
129
3365
3912
23
238
194
235
7
94
5
13
27
150
47
1512
70
55
222
280
116
74
3709
291
110
100
271
158
150
211
175
141
237
4033
251
293
2328
154
115
280
188
296
71
261
2969
3445
142
94
30
252
11
118
219
4510
73
102
267
4827
569
37
276
176
117
96
81
158
43
127
33
122
163
287
220
181
199
129
215
273
143
68
767
2258
82
199
148
1795
135
48
249
215
53
48270
293
43
4819
160
263
2183
198
14
3362
2117
147
152
188
215240
129
237
83
1270
194
111
41
6
274
237
99
3200
85
2355
11
105
13
115
226
223
204
39
239
295
99
34
4244
138
291
73
93
193
264
32
126
173
163
229
91
50
93
234
149
187
170
165
86
198
237
229
232
198
161
129
147
146
126
241
139
19
220
44
39
194
198
235
181
17
198
143
294
190
160
128
50
171
115
35
13
204
219
59
144
31
39
146
32
32
168
288
176
150
146
240
119
188
251
280
300
31
189
16
35
94
202
26
72
223
107
235
5
149
94969
25
209
139
153
12
221
88
61
122
1690
196
235
33
156
139
179
282
285
153
188
117
191
120
276
103
30
172
3726
19
156
14
12
205
195
143
35
118
235
60
191
256
207
76
178
198
167
230
108
46
233
228
229
112
232
80
293
48
241
176
194
195
108
290
4017
267
36
60
40
185
41
125
261
244
165
186
57
79
154
252
38
259
176
254
2449
75
144
281
296
1508
36
4153
289
294
81
1526
215
215
201713
104
4026
363
296
10
1011
239
4504
242
272
279
190
149
216
201
77891
183
282
175
167
18
296
1189
202
230
242
189
231
54
11
133
70
227666
209
27
290
227
43
100
164
157
122
176
127
3425
139
183
189
162
68
60
220
146
2643
53
49
188
272
136
165
126
138
16
51
10
201
156
23
27
95
121
1026
157
75
98
125
226
2601
124
207
47
149
250
184
89
197
147
26
190
116
172
206
316
1474
98022
289
247
245
223
214
296
214
163
248
68
259
13
94
132
127
16
260
145
108
30
61
173
153
161
172
2645
3505
157
2724
193
124
11
111
67
594
277
200
144
251
201
186
88
62
253
63
163
77
109
84
1273
17
110
15
16
250
3719
80
247
129
34
109
173
14
133
11
202
242
145
174
147
266
19603
88
199
221
245
73
38
75
2663
240
173
180
172
239
3525
250
65
126
33
242
213
63
275
109
143
141
236576
150
80
110
222
1352
201
61
248
135
195
131
57
137
231
235
294
50
186
159
235
50
96
212
195
207
172
264
210
142
266
211
4832
77
195
192
263
73
260
24
9
5
49
232615
231
291
186
171
277
98
208
1144
201
96
16
1396
151
174
279
298
203
68
102
230
299
334
255
201
57
159
161
97
82
4435
241
77
175
3012
151
157
135
104
179
88
190
91
131
223
2944
160
254
182817
222
208
242
285
73
173
74
250
56
57
26
4095
228
202
2137
84
287
161
192
115
70
62
88
203
185
291
220
228
251
265
273
208
234
240
228
207165
299
162
1646
56
198
250
233
298
182
159
33
8
110
10100
152
85
97
12
32
156
194
31
269
155
286
150
43
132172
111
267
80
267
48
120
63
7
243
130
281
122
189
291
15
90
94
96689
146
233
148
30
271
103
194
6
141
44
234
49
93
193
22
219
5
125
233
93
287
120
91
278
86
182
188
262
266
278
250
108
260
219
63
294
292
228
229
166
112
177
21
247
192565
272
36
64
19
180
41
9
241
133
142547
235
147
239
338
223
286
298
4522
26
169
79
241
107
83
103
19
102
57
211
41
284
252
287
122
110
201
64
252
239
22
285
84
102
77
84
2993
54
268
239
264
276
221
227
197
12
38
18
39
15
186
231
159
126
254
92
136
83
65
176
126
242
167
164
233
290
24
201
133
49
56
237
244
226
86
199
241
300
19
142
512
21
8
176
293
75
232
32
93
146
149
128
104
244
93
203
67
49
95
133
67
179
128
293
4920
147
300
30
31
227
91
280
187
233
251
223
208
246
99
65
12
201
10
173620
80
78
294
97
1489
123
208
214
68
245
121
39
91
171
242
220
289
102
159
83
258
77
276
139
18
166
198
102
180
164
1819
54
299
299
78
32
2080
204
119
233
103
206
60
44
189
244
10
66
218
261
198
45
62
147
107
122
57
110
190
248
48
77
125
247
192
114
271
67
31
176
285
35
177
217
287
2533
21
223
133
166
89079
110
127
277
23
287
149
16
137
82
8
75
238
136060
54
140
266
257
144
252
28
142
147
3799
279
64
282
38
59
51
236
2079
208
11
253
40
37
182
51
275
257
29
137
52
61
238
13
150
167
80
279
153
109
220
244
256
289
48176
131
32
247
8
250
211
69
240
295
2286
138
2903
91423
151
165
164
192
2741
280
198
57
197
25
157
98
119
39
2387
189
108
224
110
187
262
54
52
60
71
51
197
261
170
134
52
98
5
121
196
180
48
274
159
262
56
164
156
179
196
35
71
259
167
52
200
203
249
4878
38
1639
63
210
298
110
3986
179
21
137
15
86
73
178
192
125
205
95464
207
68
207
256
169
67
167
142
2347
280
284
79
128
269
32
150
3382
34
9
41
28
262
131
43
18
76
270
243
274
3626
1666
111
291
19
152
90
169
195
69
14
201
78
57
73
83
3694
39
109
130
233
260
177
68
241
106
138
41
46
95
140
11
221
3433
37
31981
278
285
115
68
36
3580
174
149
157
257
255
87
3224
37698
105
178
220
78
4345
282
258
234716
218
234
37
143
181
104
26
130
177
269
286
255
4964
3625
34
209
910
479
158
98
118
52
26
30
93
2132
18
164
245
133
76
122
122
117
137
231
183991
2499
9
167
149
112
264
105
246
254
74
23
69
166
190
4532
8
140584
88
248
171
263
40
90
223
126116
280
3034
176
14
54
270
282
7
33251
36
14
207
215
268
91
193
272
210
295
89
298
36
632
259
21
186
37
237
97
29
206
213
167
262
282
240
151
289
90
27
162899
33
89
169
7
140
188
5
14
270
88
127
3605
278
34
16
91
50
69
122
146
431
80
171
141
212
288
241
13
138
275
212
2935
108
192
288
44
1201
124
262
89
32
240
2827
193
138
246
33
208
160
65
166
42
202
29
10
187
117
177
66
72
282
2698
46
274
68
248
20
175
44
180
71
45
6
40
21
230097
200
177
138
195
45
4357
234
197
37
265
80
239
256
255
538
195
166
187
259
20943
68
196
115
369
87
153
155
4586
123
108
46
237
122
166
258
223
24329
167
56
6
253
204
114
5
235
137
181
195
147
250
46
268
216
67
216
101
248
279
87
92
36
172
117
200
243
2650
32
205
60
195100
121
439
181
37
201
221
64
222
35
88
217
198
69762
184
232
13
142
148
35
176
262
148
222
205
73
290
199
294
161
149
276
147
159
4868
61
210
173
80
267
23
37
215
260
85
160
268
272
230
1784
15
13
61
265
232
42
67
139
55
205
52
94
191
80
233
120
171
297
197
224
2401
260
116
191
144
128
140
33
221
169
276
79
72
158
162
155
285
165
131
211
45
143
248
203
136
32
254
233
197
125
99
280
229
299
268
74
205
151
289
225
258
73
2621
23
96
128
187
4853
144
101
242
137
234
16701
64
12
180
14
48
135
114
53
289
120
235
196
96
166
188
23
93
5
29
23
28
124
284
236
4130
2249
92
197
2671
290
2741
142
124
7
67
72
24
130
1948
112
82
225
249
67
1735
195
3948
70
271
89
140
2044
31
168
267
205
154
21
110
275
138
222
177
208
158
248
296
159
130
87
188
209
291
651
40
264
3337
55
124
288
257
179
297
258
13
121
272
4741
187
24
1157
255
274
231
258
118
271
56
1185
58
238
121
253
65
202
143
159
167
150
151
99
40
134
235
155
1415
54
26
298
149
169
7
183
178252
292
170
83
4990
20
232
147
97
224
257
198
38
50
189
238
115
2849
245
74
113
100996
160
60
142
18
121
220
4328
162
21
41
293
1254
82
157
127
125
73
254
112
63
206
1527
172
170
544
167
156
16
44
515
252
234
274
123
1052
132
101
127
175
235
267
158
205
34
176
266
23
60
123
212
4805
188
100
3329
17
199
285
163
28
43
286
9
51
259
291
205
256
264
179
2128
298
26
266
138
159
123
113
153
59
3628
134
181
184
25
277
83
83
21
285
119
261
143
75
223
247
108
208
220
181
153
134
61
140
80
190
105
240
258
92
258
103
8
181
297
231
3910
288
282
32
103
69
104
158
240
176
285
40
161
243
287
60
239
85
114
252
19
284
96
214
188695
21
60
14
1518
298
119
152
6
89
164
58
169608
3013
4433
213
199
143
153
278
255
104
228
158
201
297
51
146
160
154
3553
70
240
224
16
110
265
251
189
47
162
90
102
822
229
145
51
228
54
221
230
37
18
104
182
193
239
112
168
20
907
167
105
117
200
166
4471
153
202
6
218
167
114511
160
287
12
132
194
73
112
95
172
53
240
266
29
273
167
19
192
134
245
214
80
152
250
285
213
279
5
50
88
39
82
288
237
232
62
34
35
129
20
24
63
21
141
172
246
60
179
2321
25
267
269
278
202
44
102
129
275
215
241
100
38
19
106
269
17
55
110
264
41
200
26
130
265
89
26
294
34
114
161
181
7
215
157
112
27
211
48
137
236
86
44
131
272
35
192
220
168
1880
206
130
2417
238
210
249
282
293
4821
117
91
24
46
4182
230
89
275
260
128
21
228
63
136
45
106
9
128
118
128
151
186
99
126
125
183
280
110
237
104
175
268
805
178
241
121
168
438
91
121
140
119
35
238
52
102
274
85
243
290
213
65863
205
267
102
12
298
43
46
26
183
196
4269
214
118
121913
89
280
236
85
298
258
177
295
295
204
156
168
263
161
133
207
272
48
75
105
183
56
4228
163
59
476
7
29
3764
156
173
48
3558
2482
135
221
135
1554
176
295
148
154
103
4483
248
27
286
31
4811
59
216
23
243
29
6
257
187
35
238
180
38
266
401
234
81
82905
109
61
3660
271
282
217
2254
71
78
175
176
244
32
98
287
179
124
93
92
190
220
280
106
215
255
249
138
263
70
160
10
73
22
223
126
168
186
197
39
54
264
285
278
127
47
96
238
193
62
2535
3964
185
241
62
87
50
225
117
242
84
235
33
170
679
284
17
32
49
254
91
211
24
237
266
81
113
199
698
286
89
203
254
180
125
193
104
173
179
279
228
81
57
1281
204
292
257
277
97
17
175
259
3866
237
117
267
223
126
4950
97
189
293
66
165
894
249
10
248
27
27
107
153
199
233
68
146
179
8
12
54
251
279
72
6
121
172
237
238
2955
119
138
216
56
5
287
106
249
1332
24
141
48
3075
277
4040
296
132
298
213
253
98
219
170
224
261
177
3415
114
219
75
292
91
296
250
126
191
208
24
9
52
92
200
90
55
292
1269
36044
199
111
198
193
190
93
1691
170
296
234
3278
275
228
139
152
76
2404
57
121
143
45
243
211
219
61
185
125
16
140
64
298
52
185
288
7
126
257
300
213
195
91
32
220
46
229
1752
218
64
211
3143
1329
122
298
292
289
2244
297
178
13
280
129
230
69
149
170
67
44
291
97
165
71
294
285
91
59
287
275
127
246
76
85
129
203
218
179
104
9
182
299
3147
224
112
208
184
149
149
3387
236
125
29
249
103
190
199
30
205
259
138
131
28
3009
51
168976
155
264
168
74
165
251
195
55
37
235
102
119
264
97
290
1232
181
62
136579
134
296
17
75
114
221
169
167
75
268
225
226
111
206
46
198
58
141
1979
1631
239
242
180
157
7
45
190
171
84
93261
211
168
254
249
42
21
161
142
210
187
82
162
249
195
41
277
226
73
178
39
102
8
217
140
184
4580
297
172
51
245
122
19
86
21
208
118
15
287
189
154
157
1991
77
18
14
247
121
73
411
179
271
187
67
202
148
137
156
94
65
4423
279
214
172
107
51
4566
266
4247
16
251
14
55
101
279
185
110
67
244
33
122
69
30
231
125
69
4777
267
82
148
224
219
284
222
30
213
155
270
275
253
139
100
5
105
33
51
118
203
1865
240
64
151
169
242
262
215
213
21
106
260
288
277
248
98
277
26
42
221
89
95
29
10
66
208
96
250
52
54
2807
162
102
82
68
256
66
105
271
175
2612
142
243
204
296
184
153
282
229
1281
116531
4743
29
79
176
21
102
59
296
54
201
127
110
3426
131
290
273
295
165
240
155
282
4136
144
174
106
67
262
31
241
188
141
274
180
74
99
281
112
297
147
299
298
23
784
38
36
2890
193
291
110
253
32
27
9
193
213036
50
271
119
182
292
4001
2599
42
286
218
260
264
67
135
60
71
109
82
195
73
97
120
167
279
13
222
243
177
216
65
162
291
144
128
4658
234
273
192
211
167
234580
64
75
216
266
50
293
21
63
298
291
22
145
194
3486
5
32
136
225
141
104
253
102
135
129
93
278
248
85
288
139
255
130
274
211
110
150
71
138
293
297
124
247225
233
80
3613
243
289
199
261
92
89
141
288
249
5
262
189
4461
3297
298
202
206
252
38
197
170
240
135
15
214
281
25845
235
266
294
238
8629
298
214
35
65
149
1377
69
35
47
121
243
108
146
2385
89
178
138
248288
173
132
29
176
177
238
11
54
122
13
257
283
156
286
460
10
205
26
4793
87
159
233
4220
270
272
273
55
214
87
83
93
120
16
61
168
116
62
191
257
109
89
242
87
78
183
145
40
161
94
196
81
286
213
260
115
63
234
141745
51882
160
288
134
149
21
124
262
208
130
196
292
1483
140
218
40
255
181
1496
196
206
14
56
102
188
161
136
206
217
101
93
289
66
186
125
108
46
76
244
238
66
58
234
29
148
239
56
118
191
141
295
3089
162
55
105
8
257
33
262
243
42
224
13
215
83
215
151
268
56
1501
226
299
11
44
288
95
289
207
112
300
215
211
148
157
297
202
206
1709
106
4156
117
82
255
47
33
246
239421
12891
226
176
61
128
597
2101
246
131
30
41
184
265
1185
134
244
286
259
293
171
208
16
413
52
187
107
259
240
38
171
231
102
69
186
284
279
228
61
95
169
252
221
151344
126
76
252
9
146
287
55
246
135
110
27
1958
225
156
87065
281
120
201
64
272
18
159
277
289
29
140
285
276
86
275
80
175
4249
189
5
47
209
56
140
249
174
16
135
102
21
1622
143
5
135
140
170
2379
242
74
133
95
167
162
64
274
253
71
279
127
72
271
238
287
101
3351
282
174
179
281
3754
179
565
43
226
293
159
74
195
149
265
141
214
184
82
265
37
159
282
8
12
154
230
99
4589
172
6
123
220
98
210
16
56
105
161
276
116
2986
2038
103
187
220
13
225
40
155
7
274
239
248
53
6
76
127
99
205
25
32
36
273
53
274
211
80
223
60
73
31
39
122
124
218
188
116
233
5
140
228
2894
162
282
130
2792
145
56
203
203
162
44
48
165
185
30
154
183
271
65
105
274
193059
266
241
151
246
59
232
125
251
33
25
261
26
45
862
115
124
176
147
282
219
81
197
242
290
3525
105
277
275
70
135
295
1207
171
16
20
47
8
276
93
10
77
1151
64
282
222
210
101
11
187
164
88
299
33
22
192
169
158
20
247
72
235
26
30
72
146
278
30255
78
176
15
177
149
256
69
166
272
116
287
53
224
26
96
149
226
297
157
118
95
10
101
129
99
126
104
250
96
230
4468
213
51
179
74
264
23
91
2524
203
103
51
71
244
175
196
281
215
208
61
217
168
189
48
54
242
123
272
152
122
150
2094
65
10
178
23
1594
188
54
213
36
2513
236
131
76
36
250
296
48
297
44
145
2623
10
1009
225
554
289
18
231
277
237
157
205
20
231
7
80
16
66
291
92
286
13
270
83
240
30
142
22
204
4112
172
35
137
71
172
130
249
248
298
181
225
253
4371
266
242
10039
2701
178
100
76
241
192
217
159
21
83187
180
247
226
212
249
177
286
24
593
112
3457
173
165
112
3631
172
274
1605
44
151
133
164
226
231
176
173
249
111
2011
289
201
207
76
257
188
2207
43
260
128
38
183
25
129
192
126
157
90
261
13
118
1528
155
102
265
199
12
45
7
3224
68
273
49
196
48
256
99
234
7426
3500
15
204
289
3669
58
219
88
78
296
294
14
12
276
230
267
42
113
46
249
59
33
130
31
4178
61
284
82
58
231
238
82
215
9
89
120
92
4540
116
66
227
24
261
146
286
252
52
289
4183
290
147
194
9
231
157
23
290
2037
241
86
204
162
282
297
240
57
281
49
191
109
270
82
42
126
94
55
290
70
291
1718
97
78
146
31
124
20
19
259
255
109
220
263
268
209
69
204
1289
160
38
123
72
3228
154
144
244
76
22
138
204
72
287
265
287
130
65
266
25
229
285
112
244
240
166
35
253
111
3269
3667
224
74
3508
230
176
43
11
25
39
254
203
207
139
15
13
133
248
36181
3985
251
21094
216
157
184
280
156
232
56
155
12
125720
245
53
205
279
140
13
3833
69
278
157
942
94
98
76
227
235
267
178
224
293
180
35
78
256
223
57
266
252
133
228
213
168
156
97
120041
167
113
270
205140
298
238
136
55
94
144
243
211
20
82
266
2961
245
237
187
297
94
120
265
91
90
124
16
168
3539
118
281
231
34
236
271
286
100
2549
56
256
151
253
293
6
2411
5
68
59
77
7
96
74
34
85
25
73
189
103
142
150829
40
3080
119
126
15
28
120
49
148
65
60
866
197
296
19
52
2816
4231
286
5
81
128
13
271
94
77
67
135
145
270
13
138
64
164
186
3581
293
256
136
45
85
133017
263
296
240
162
137
151
205
134
150
209
170
86
125
180
168
233
43
26
4267
217
76
12
262
174
242
68
47
42
30
36
629
295
88
57
42
94
158
63
82
213
24
64
46
23
217
2684
158
32
179
37
66
109
260
36
230
273
215
77
13
22
27
21489
218
104
33
140
145
2116
68
78
4930
277
1310
243
34
280
108
7
108
39
169
91
144
196
291
12
269
154
241
124
79
7
110
31
213
84
81
110
173
227
183
55
103
125
47
60
277
124
4690
4802
4978
132
280
262
13
233
489
84
126819
42
195
67
32
76
174
127077
158343
81
106
211
102
42
95
40
97
70
166
19
185
124
33
30
171
34
270
203
257
75
96
252
4213
199
122
293
2559
285
200
186737
148
112
162
73
131
10
43
104
104
97
150
127
216
93
235
288
108
258
4318
56
216
246
112
11
188
289
108
84
141
255
277
387
93
248
105
279
271
192
104
280
147
131
6
11
25370
198
278
282
167
26
282
107
129
110
3797
152
49
247
113
146
51
77
113
163
43
42
15
86
46
58
264
233
180
32
175
242
246
186
297
7
86
140646
138
177
127
72
275
58
105
100
240
249
146
219
72
26
32
242
126
295
152
144
66
117
295
191
94
297
82
256
138
199
444
31
4197
16
80
231
284
165
245
165
18
160
55
463
197
101
162
143
239
242
282
228
142
117
96
61
226
271
99
268
273
172
214
267
291
24
17
1801
3767
267
257
117
219
61
210
43
113
243
3004
2645
200
133
197
273
273
178
210
291
90
257
114
220
281
150
2081
161
100
35
43
82
6
1874
108
233
213
4975
186
11
298
144
217
124
116
58
168
15
170
6
138
180
191
83
146
217
81
90
132
115
144
103
3149
188
44
250
25
579
293
272
43
193
13
262
48
37
138
89
141
205
38
77
165
103
250
115
92
70
280
235
227
294
95
90
120
103
212
134
225
130
40
107
80
69
70
4182
199
224
152
123
216
237
119
148
150
2704
96
358
230
135
34
179
60
135
133
4963
293
169
20
259
216
255
200
244
90
194
36
243
119
249
64
216
13
225
55
60
17
174
420
234
31
295
179
188
185
4667
101
75
9
266
251
273
126
63
185
295
267
234
3355
190
180
189
52
87
154
184
8
285
103
183
171
122
205
17
205
117
145
88
289
89
102
2384
143
196
192
29
192
1081
90
236
70
77
4903
166
45
174
18
180
289
207
88
38
16
161
80
18
125
174
207
54
88
91
284
19
166
134
23
228
199
200
84
246
202
169
218
299
276
232
240
223
75
280
85
172
137
11
200
45
90
244
54
163
2294
239
248
60
188
38
200
113
171
68
55
227
2412
53
11
121
10
95
295
38
230
219
137
209
51
4930
119
165
2042
255
157
101
119
210
1451
243
77
203
3819
91
93
106
193
107
277
3696
269
124
87
110
196
5
259
224
243
299
54
185
243
2940
65
206
164
261
177
179
134
258
28
103
14
124
295
111
86
204
162
289
276
54
44
161
63
96
209
18
267
63
288
32
9
85
65
12
71
183
287
123
52
219
261
44
3810
198
12
287
250
283
80
26
121
239
39
55
153
89
236
167
57
218
110
219
2439
209
141
266
231
226
193
268
236
30
266
251
72
88
136966
65740
180
187
281
71
180
259
170
54
51
213
251
49
119
258
60
136
239
7
221
124
176
268
163
181
70
252
34
160
174
126
66
21
283
113
8
287
143
223
269
239
237
168
51
238
37
165
47
252
192
110
67
156
155
58
60
273
161
144769
264
5
1549
262
137
55
170
297
200
187
66
26
176
256
223
149
246
37
138
121
288
300
258
246
269
81
55
159
213
232
253
278
277
178
78
203
43
15
48
159
99
84
245
269
280
242
261
126
199
292
58
86
85
64
101
169
26
249
17
78
226
211
155
67
272
29
145
154
247721
248
47
177
201
293
41
277
205
30
26
1920
89
117
104
137
253
3917
9
182
137
192
216
139
269
174
232
22
199
234
276
198
277
78
238
3518
148
172
125
208
141
276
96
9
245
286
216
297
51
248
251
178
284
250
253
266
58
213
205
115
170
145
106
218
208
230
31
220
186
148
228
89
209
279
208
272
175
134
83
241
114
237
117
296
173
85
166
128
157
18
231
38
298
3582
247
3957
89
300
254
236
204
283
87
108
143
18
108
97
121
80
235
157
96
178
186
46
211
203
88
285
164
96
291
245
212
183
2689
194
75
170
9
155
8
286
10
246
64
283
21
173
275
1975
10
140
26
98
261
180
128
284
1830
73
149
218
144
2062
50
1765
59
252
116
270
69
30
153
298
8
76
214
219
3603
239
71
4630
249
193
117
242
38
46
242
238
174
204
210
77
284
229
34
276
27961
94
153
237
56
225
288
289
154
190
89945
274
115
197
195
2602
183
165
112
277
185
35
613
40
247
5421
4398
187
199
187
65
253
297
126
293
270
41
121
211
8
66
247
134
229
155810
17
189
180
55
87
117
217
2297
21
103
3631
223
41
67
46
113
4979
95
182
246
228
16
31
3352
235
117
253
244
265
23
105
51
183
200
40
72
104
100
120
14278
75
166
106
295
71
92
249
28826
203
64
128
97
27
217
286
132
43
236
31
259
294
176
107779
175
111568
293
169
182
94
1957
90
211
1220
123
170
297
212
29
202
791
172
242
283
297
57
79
49
115
42
158
3697
58
176
116
279
250
299
104
91
186
114
27
164
55
269
31
24
68
184
70
273
86
40
194
219
3774
6
259
275
260
102
79
283
204
227
234
112
503
140
157
20
109
27
123
46
288
134
154
148
233
106
4914
120
2813
143
119
192
265
180
21
238
175
235
143
38
58
238
2998
94
120
239811
166
53
223
35
103
30
290
208
217
266
286
185
116
1308
113
49
13
56
239
123
139
23
81
298
204
39
4521
202
128
116
208
133874
143
4047
1459
291
161
45
258
121
297
283
126
91
198
60
62
2758
189
256
161
234
175
293
114
196
261
240
127
214
131
59
164
200
247
3750
1771
290
219
141
130
6
266
81
2921
79
296
140
181
156
4448
188
61
85
186
61
274
3866
29
294
134
92002
3257
280
4705
691
61
1212
78
53
26
201
178
139
252
121
63
251
174
228
256
66
272
287
222
1655
69
3065
52437
68
91
44
281
259
51
16
155
3700
70
136
36
908
282
207
159
152
150
73
175
289
206
86
930
242
17
53
171
218
3371
287
58
28263
203
222
99
138
229
277
195
3252
279
204
280
45331
7
281
174
4099
269
1674
121
183
279
190
210
3998
223183
41
127
151
85
492
3918
159
17
153
106
36
102
2761
72
8
47
234
158
263
2701
60
136
6
253
288
39
134
116
196
295
18
175
255
285
123
252
71
244
74
61
158
39
93
86
228307
95
10
59
151
118
139
29
225
207
3586
275
29
134
153
1836
18
168
203
137
132
80
147
76
172
202
229
165
140
271
167
137
279
2643
291
27
62
161
433
215
233
256
118
138
268
195
159
162
98
242
83
2470
43
289
84
14
39
267
285
128
119
246
150
211
57
152
53
225
1301
73
43
279
3555
228
28
188
211
146
144
18
15
287
218
97
231
3976
149313
220
64
234
4490
267
139
257
116958
272
18
300
246496
82
38
366
291
54
71
287
1483
179
7
123
4937
59
114458
4910
162
277
168
182
145
168508
222
235
219
160
8
57
214
63
269
291
225
131
73
21
181
161
28
255
3074
1084
66
67
257
176
298
279
269
206
269
198
234
116
281
280
162
137
225
60
138
1892
150
276
4330
235
213
217
116
234
38
213
274
79
54
143
67
34
2685
195
204
17
126
215
8
92
77
286
170
179
179
192
158
264
155
36
274
95
46
91
147
167
36
249
2949
155
139
209
272
191
259
189
94
4336
229
21
296
457
279
284
124
275
39
157
239
218
182
3312
44
260
13
214
49
57
148
59
160
27
10
270
65
220
263
140
236
140
8
264
161
4459
235
269
289
271
178
120
234
60
245
241
291
27
278
99
132
248
271
111
231
2402
240
115
1292
263
83
236
123
55
155
197
262
245
131
257
24
73
64
118
111
35
182
221
207
171
198
62
224
34
48
241
268
4745
212
5
75
136
6
172
4518
285
204
32
62
139
253
139
106
300
19
128
14
191
11
131287
98
120
28
122
226
170
87
114
151
185611
191
3938
139
54
78
88
182
252
20
264
207
181
285
203
1030
292
223
72
138
52
198
143
166
94
231
188
252
298
83
190
80
95
297
96
183
281
113
81
188
69
141
1356
71
228797
214
3761
27
141
46
90
26
158
146
177
175
4928
34
3591
211
200
145
147
43
62
60
238
124
65422
39
290
182
2778
211
54
141
83
123
279
27
59
171
210
217
110
450
125
81
219
86
146
171
189
118
151
114
193
62
244
134
185
94
202
199
290
216
262
221
170
168
117754
146
2600
225
192
198
3336
175
3010
81
217
214
187
74
141
4919
465
84128
128
296
291
205
87
275
195
264
74
51
113
240
62
103
244
298
1777
103
126
87
66
170
291
94
278
94
160
244
180
280
157
59
187
257
4287
300
293
262
234
277
138
16
212
206
107312
243
181
272
62
39
182
226
124
42
226
266
243
259
147251
146
42
244
3274
172
286
4114
43
218
88
215
119
282
251
93
150
3050
2802
164
86
215
163
167
177
58
296
24
68
276
100
258
75
168
252
189
98027
260
79
2408
83
126
237
240
170
290
275
111
150
90
11
282
259
154
146
126
2112
38
115
232
85
231
165
3903
204
39
51
121
127
1850
64
133
243
163
23
348
136
138
34
5
247
44
287
108
288
67
45
239
42
238920
78
139
296
271
5
110
12
249
121
203
111
29
195
206
55
267
158
179
162
84
125
119
205
5
3549
163
37
105926
90
137
261
10
149
10
52
76
261
138
274
241
85
223
211
38
39
251
106
179
244
297
202
129
293
226
4269
215
105
117
103
166
88
55
265
268
292
293
238
170
122
16
1201
3018
228
154
263
65
233
55
8
94
124
120
2826
100
84
177
111
59
280
144
106
281
131589
112
96
167
4231
202
278
274
59
275
236
284
180
121
198
199
206
260
241
277
31
223
3039
172
172
1113
75
8
60
112
179
220
159
191
11
12
3915
256
232
14
92
297
412
252
97
208
12
241
254
249
267
163
217
961
52
135
246
278
60
183
38
88
103
9
2367
240
152
30
73
3105
43
75
162
136
121
232
136
217
2116
298
109
9
4740
67
202
230
127
170
25
293
113
243
26
298
82
97
20
44
245
45625
38
60
231
4315
271
196
269
287
105
152
139
1465
214
194
36
292
93
179
298
31
212
127
49
76
188
113
38
243
122
54
75
45
153
49
144
115
2891
33
282
110
37
91
285
95
256
247
287
49
242
77
29
6
95
137
84
22
153
2302
242
145
48
114
56
6
197
187
139
94
53
32
28
227
124
4184
149
118
245328
294
132
44
25
3695
165
202
182
184
136
31
155
190
219
81
9
132
178
158
161
245
163
298
244
43
217
299
4617
10
288
203
123
240
144
57
53
19
271
959
44
5
230
4414
26
114
109
238
215
205
138
286
131
91
33
71
173
152
138
275
285
270
243
17
259
223
213
45
51
177
130
164
252
136
137
173
247
91
76
57
38
262
183
193
175193
178
289
218
80
225
38
193
4601
222
209
244
201
262
3492
292
107
46
35
5
208
77
68
484
166
183848
25
2710
235523
234
214
69
208
50
176151
4573
2751
188
44
88
58
188
142
73
290
109914
193
176
189
86
142
133
216
4027
190
263
4240
100
91
94
4057
36
143
277
254
28
140
290
55
108
156
50
22
76
203
213
34
120
155
245
88
201
156
184
30
48
159
7
10
178
36373
203
226
61
285
7
220
142
235
85
220
107
102
160
54
276
91754
187
178
218
188
152
179
32046
1540
151
4253
161
286
192
125501
3789
240
156
119
290
222
266
48
208
10
120
52
19
240
128
177
294
61
150
144
203
151
3347
5
283
216
219
259
133
248
111
6
253
757
168
56
121
167
158
185
148
180
171
1194
194
219
86
167
268
7
230
185
164
81
20
162
193
130
110
221
78
153
166
131
61
287
109
257
220
111
3079
68
124
34
55
86
23
269
40
48
45
62
18
125
47
298
3539
39
59
263
3440
296
201
221
253
1781
245
143
2845
11
108
125
84
171
23
247
175
18
49
254
214
175
209
277
1797
5
32
77
245
387
113
138
56
291
236
158
3939
279
90
78
22
288
144
77
187
196
75
50
138
30
63
668
105
193
121
73
25
124
22
70
48
109
126
174
197
277
237
36
272
270
227
276
117
1966
25
198
111
50
37
164
1492
180
115
25
87
31
145
86
23
207
687
293
44
157
161
1386
4840
63
56
65
274
261
249
199
168
63
237
100107
72
16
175
221
27
290
127
300
1600
18
250
82
150
129
4140
247
242
75
36
195
293
10
139
64
202
419
184
229
103
42
286
173
98
142
118291
194
300
120
118
219
236
76
166
183
12
207
232
70
16
28
36
693
128
243
161
109
116
121
176
34
284
3987
17
252
116
48
147
4467
180
89
217
214
1456
219
111
127
275
145
108
149
183
192
190
84341
50
283
135
146
48
140
211
247
268
254
254
1643
182
151
40
193
154
159
94
195
126
234
104
238
149
88
152
271
98
273
1286
184
272
190
51
522
104
27
271
81
214
4946
151
214
182
66
293
43
13
166
147
131
226
213
50
283
178
139
204
81
219
94
110
185
23
147
256
101
14
4189
59
19
280
156
206
123
73807
292
1549
199
281
81
125
2497
105
239
4169
167
33
142
133
120
275
1952
249
260
238
206
19
180
259
1579
250
300
99
12
82
206
8
227
278
198
642
256
172
133
62
95
174
121
164
73
125
71
41
213
146
339
1517
9
2427
112
263
195
214
121
1608
176
82
239
21
203
207
167
172
220
33
6
178
48
79
285
294
290
236
97
190
56
242
277
67
200
207
143
272
129
122
206
263
239064
296
286
243
56
937
71
58
20
222
4331
239
81
149
281
80
174
134
48
22
139
293
240
125
40
220
275
1797
275
193
181
22
63
135
198
167
227
43
165
232
187305
112
273
131
90
290
911
144
208
214
34
2414
257
252
3500
207062
1303
206
49
279
9
176
272
70
106
19
293
4178
195
215
56
162
65
7
260
173
165
222
27
206
77
144
90
154
294
279
223
201
275
81
155
144
79
207
239
217
181
265
86
232
54
106
2519
2197
902
149
114671
262
80
58
113
241
4006
133
224
257
246
57
294
108
27
110
74
198
40
50
24110
4290
225
251
26
33
249
90
22
267
5
35
134
235
74
166
267
246
158
81
55
165
290
287
251
2853
300
136
282
137
3548
150
88
219
251
157
220
224
147
147
53
93
36
128
248
242
3189
116
65
12
1574
292
10
155
154
158
246
36
120
3457
76
199
284
149
50
264
81
222
211
36
132
264
200
163
122
88
217
92
243
263
81
96
20
90
2338
121
158
193
25
290
232
242
104
190
262
125
292
103
113
167
222
85
209
439
70
153
258
247
24
199
1502
90
239386
3151
276
2072
253
298
1215
408
55
2558
267
29
288
152
170
87
185
45
178
105
81
177
211
175
185
111
265
296
223481
38
87
177
100
183
105
1840
58
30
147
225
90
97
265
137
192
79
9
3234
295
26
148
201
30
286
126
240
17
3661
176
262
24
89
264
229
78
67
187
16
141
13
6
290
176
127
260
34
276
170
66
131
150
41
83
167
293
143
4140
186
158
286
26
243
91
153
29
135
260
231
175
53
296
236
95
51
37
288
75
244
285
234
240
20
124
84
4342
66
55
55
3832
276
300
232
274
88
47
199
94
31
204
210
15
68
103
187
293
299
264
77
243
179
126
224
88
1694
178
12
119
165
225
60
230
107957
11
86
108
36
2746
72
261
212
158
279
62
173
184
146
283
102
101
45
258
251
217
156
43
107
142
217
56102
117
111
121
151
23315
202
219
64
209
204
240
31
639
148
1660
188
227
51
92
80
4531
118
168
213
27
182
197
135
246
220
156
147
157
257
54
300
206
177
253
276
273
289
1452
68
164
161
261
151
2754
260
36
184
279
23
186
175
247
765
1788
65
279
77
178
210
252
231
624
216
232
668
165
210
217
93
3706
53
12
3838
40
181
81
238
230
75
1396
2723
46
241
296
211
87
8
25267
299
250
188
99
146
210
129
201
277
74
186
10
220
146737
210
134
2982
106
153
2745
2988
270
109
187
251
128
90
129
278
53
93
177
200
135
137
165
263
242
30
29
26
34
114
112
2946
158
132
219
52022
255
181
296
85
169
212
262
1690
12
157
8
172
76
60
143
129
265
66
51
193
26
208
128
170
64
197
184
174
57
1960
250
295
280
227
123
232
161
127
162
268
9
17
46
8
115
267
56
19
274
166
77
2702
172
264
152
160
283
262
225
3265
270
97
171
14
9
6
289
124
99
175
154
78
240
68
250
46
79
108
168
175
38
119
13
22
120
278
20
41
194
68
140
215
137
187
118
202
235
194
134
247
283
189
177
80
104
201
97
48
216
104
178
82
159
154
295
257
195
287
64808
246
271
283
92
294
292
135
179
108
134
73
43
109
36
50
81
173
1422
130
171
211
229
39
198
155
212
3067
284
84
293
50
208
124
11
215047
52060
215
86605
101
170
148
2021
7
298
193139
2472
282
34
163
262
295
183
38
155
99
65
186
281
33
1692
99
292
109943
272
235
285
62
62
172
111
98
166
188
261
1715
82
78
291
3683
135
158
102
156
121
106
215
290
204
5
155
152
269
193
290
70
113
55
240
15
4428
167
653
75
40
195
4885
36
24
241
1686
142
257
127
122
269
4656
53
221
183
269
203
218
237
215
262
25
13
206
75
24
198
88
214
11
30
280
158
252
255
68
156
263
248
208
43
78
142
51
26
240
83
37
202
50
238
187
147
142
85
298
184
189
293
157
249
183
291
57
51
244
59
289
553
2826
140
100
293
232
107
237
282
4335
79
33
75
13
80
93
74
173
275
286
46
25
1811
49
105
51
197
6
114
191
234
124
111
250
93
161
152
24
278
169
169
60
141
85
68
206
175
185
81
248
218
226
146
125
122
798
274
21
110423
206
696
845
97
199
142
147
233
206
82
154
180
102
4243
56
261
208
95
115
156
123
34
138
2777
3463
283
107
17
144
199
2345
49
214
13
59
218
127
249596
205
30
107
240
181
222
78
209
136
4400
4098
237580
121172
273
251
287
3506
27
78
160
149
133
67
156575
280
4787
300
247
147
262
200
13
131
250
260
259
202
152
223494
205
217
2768
13
67
38
121
4151
275
280
87
174
180
124
247
102
132
3363
97
176
205
83
119
102
167
2401
3340
993
95
235
229
68
150
247
9
784
216
280
241
25
211
60
179
269
150363
2549
296
279
152
298
207
263
110
256
196
134
112
151
71
156
79
253
157
40
257
131182
261
88
49
227
195
29
65
914
204
157
247
218
239
249
29
95
242
125
290
201
979
280
294
1462
94
2168
268
277
214
269
183
250
60
252
109
113
58
660
129
234
54
216
267
12
150
237
168
240404
41
105
893
2072
245369
72
57
87
264
156
1542
37
115
158
251
28
62
40
243
6
294
295
276
292
294
70
76
200
63
30
2409
75
217
155
35
62
230
20
1133
103
230
260
36
4749
232
129
212
91
267
297
10024
7
78
67
72
12
165
21
16
181
273
217
21
120
203
178
123804
244
117
29
121
163
249
135
21
103
1226
71
3802
91
30
89
260
2834
208
124
178
29
41
293
160
59
258
111
58
111
49
260
123
101
186
247
108
228
291
123
133
61
256
13
89
65
203
26
71
194
174
239
7
2131
139
99
132
113135
3720
229602
101
132
243
118
254
199
579
291
223
11
296
29
296
287
274
105
191
239
241
133
70
126
47
71
277
200
187
153
83
246
156
229
60
57
66
223
241
219
114
130
68
73
161
23
231
25
93
216
291
79
57
229
167
55
2300
278
185
266
129
169
51
289
4138
158
140
71
124
157
267
124
255
178
101
267
77
72
212
224
100
913
286
151
1928
2255
49
67
90
105
218
32
30
217
216
104
46
61
199
113
215
187
255
6
45
254
237
270
86
225781
62
161
7
59140
148
143
260
85
56
32
45
207
3448
217
282
133
5
165
18
289
3458
284
122
236
181
265
106
63
240
282
298
52
128
177
127
5
120
97
157
277
249022
211
297
174
253
27
66
245
850
185
64
31
87
55
111
11
18
61
124
219
245
125
285
158
202
201
1639
55
97
128
37
265
104
71
107
136
84
16
167
2994
94
152
21
165
171
255
67
11
193
133
2235
90
97
300
85
130
161
269
130
268
223
267
215
186
167
227
236
206087
41
153
109
260
28
12
125
229
234
85
25
161
7
93
13
214
38
876
63
201
122
249
160
85
4479
2106
5
151
145
74
2342
107
142
252
118
241
128
3558
105
294
173
207
133
709
19
134
35
227
4681
40
116
279
159
122
145
250
71
76
117
294
169
234
86
240
216
25
239
262
276
49
230
155
56
174
189
102
237
40
214
125
277
167
246
47
258
54
58
72
229
157
12
201
158
298
177
288
176
31
160
175
162
72
206
190
2089
73
160
126
103
83
7
241
146
25
2669
54
132
88
2143
251
231
64
75
162
237
212
126
191
63
280
70119
165
281
248
51
54
3513
223
260
168
79
66
201
464
133
33
177
3013
43
887
50
157
240
123
131
247
70
113
134
211
271
82
246
262
227
49
280
100
95
5
197
108
16
37
1909
204
115
65
25
269
34
53
54
138
155
242
152
160
284
61
176
32
38
236
262
270
212
21
123
2959
57
218
40
102
57
72
246
79346
59
138
224
178
170
75
171
148
119
292
103
295
248
77
244
6
47
274
52
132
34
219
231
1329
283
162
278
226
128
47
151
294
79
218
26
134
108
199
69
161
172
177
48
228
137
186
204
27080
261
224
276
287
18
1834
94
220
266
1282
240
418
17
166
31
190
262
290
191
38
255
815
293
127
30
221
56
257
152
194
21
105
241
260
1808
2749
157
12
235
2555
5
132
146
44957
45
37
11
95
190
93
220
219
139
203
179
173
262
84
90
27
119
83
1519
230
250
300
128878
154
135
103
100
196
268
45
120
94
258
175
16
132
61
151
29
182
190
129
127
159
149
12
7
23
263
158
7
202
286
238
271
175
84
161
121
2184
296
58
265
78
212
110
546
103
44
22
194
181
65
52
129
2866
123
291
82
190
194
3215
247
277
111
52
952
76
22
242
213
58
300
198
293
199
126
119
153
256
96
106
178
168
50
105
259
24
143
86
159
83
39
194
100
192
2819
148
95
285
46
194
144
172
138
134
55
256
37
81
174
198
190
55
220
167
169
432
246
76
181
84
52
211
116
129
172
241
200
101
159
120
265
114
5
113
236
289
267
43
196
239
984
240
277
219
2037
58
145
2564
283
2764
4783
176
4338
297
152
75
181
170
77
11
127
155
148
17
80
4085
251
124
203
264
274
154
54
96
172
15
245
265
57
252
64
30
139
50
139
110
13
202
169
173
216
279
153
169
110092
139
173
278
91
25
28
205
51
190
164235
57
292
226
73
267
149
1903
184
146
132
170
233
2534
222
56
40
292
3335
155
10
134
12
296
150
58
108
136
37
85
146
175
136
189
214460
10
78
117
229
235
257
120
31
286
91
1524
143
2978
60
287
266
25
9
4871
293
273
2145
139
66
102
226
131
276
297
110
85
93
3940
10
115
221
138
134
236
279
226
202
82
276
193
161216
77188
187
112
181
83
201
214
99
292
202
87
226
250
298
83
87
272
284
112
104
175
184
97
168
196
130
102
183
266
82
12
103
205
61
293
97
32
19
30
28
117
250
1206
299
75
268
270
24
220
256
95
241
203
37
100
148
26
271
3258
293
133
124
288
257
52
183
11
129
192
14
197
151
244
35
1430
182
31
26
139
228
2023
52
244
104
224
1673
88
243
154
114
173
192
166
228
245
86
192
180
133
18
76
265
263
200
130
265
524
8
128
154
227
212288
124
185
157
20
24
105
1214
78
92
53
89
243
109
183
261
231
2202
217
12
177
82
120
133
74
117
221
295
2692
13
230
45
259
175
21
67
189
43
153
3882
66
59
140
298
178
208
60
59
209
50
90
16
214
55
8
280
250
143
129751
297
97
209133
53
152
4094
150
211
1631
65
16
118
300
232
13
252
188
185
115
1885
268
190
164
104
121
201
163
4922
238
8
147
236
255
15
3998
123
193
2036
249
294
165
261
130
146
86
217
252
296
57
66
205
2518
196
47
288
23
101
250
37
124
97
197
44
248
298
216
215
157
285
86
3146
286
86
135
1365
37
39
163
66
70
236
119
276
263
204
4922
122
282
70
83
69
193
252
283
51
117
259
170
9
194
299
41
1748
133
283
168
152
204
184
213
33
209
214
195
216
145
47
194
15
214
259
94
280
159
270
99
267
165
81
50
239
156
196
142
36
6
57
2749
16
169
230
286
43
84
51
142
233
171
52
1145
78
99
25
257
289
60
241
61
213
266
271
3637
155519
78
73
11
228
185
14
30
45
136
178
159680
102
296
211
130
104
45
90579
46
274
246
187
216
263
83
185
64
99
18
56
263
36
231790
1697
60
174
261
232
3024
214
96
125
26
250
237
180
201
183
233
205
93
213
58
272
215
249
182
163
293
137
164
96
20
95
227
92
176
3961
290
115
159
139
157
90
81
136
3717
159
186
291
2307
277
38
51
4357
231
68
123
35
1638
228
246
61
13
151
92
6
11
160
204
112
197
19
189
256
222
28
42
109
142
152
203
66
16
278
236
241
148
3448
184
131
239
117
281
198
92
118
19
259
25
220
41
244
230
138
177
198
143
69
30
37
256
38
148
22
163
248
155
181
131
91
89
230
1178
140
249
267
3103
35
108
271
15
294
219
176
107
261
54
249
278
52
93
130
144
168
229
208
193
78
108
94
31
183
14
189
29
28
74
39
206
118
31007
230
145
67
20
154
284
34
66
252
124
4092
223
146
229
249
116
225
41
815
251
152
267
5
67
88
143
153
93
143
80
26
146
193
190
235
8
270
192
110
223
84
85
281
201
248
93
2625
100
98
124
174
8
3167
182
17
279
219
146
267
108
200
82
1872
29
87
4108
200
3386
142
69
30
219
8
129
264
239
286
200
220
154
9
245
630
30
261
72
279
44
27
99
149
144
2999
180
126
217
10
12
3079
102
91
148
68
3474
272
151
133
67
34
193
168
68
1336
199
150
121
169
122
1302
209
120
239
167
291
1035
2207
12
207
239
160
207
169
104
22
267
2725
4009
43
184
136
187
209
152
106
16
172
2040
12
68
91
217
256
191
249
104
264
3268
251
52
33
53
132
12
2444
108
67
124
241
232
34
193
293
95
227
294
161
251
252
296
109
182
109
45
209
1858
174
273
3883
172
170
237
115
19
183
191
109
173
108
208
110
91
185
282
189
29
233
265
11
74
126
235
140
179
83
287
158
18
21
75
299
274
253
216
126
3020
155
280
234
208
183
98
31
72
1954
35
2139
295
3716
142
43
105
145
226
111
177
141
291
77
283
206
23
155
1256
92
19
225
59
154
196
276
204
141
95
8
209
182
3408
23
141
3529
296
78
210
202
1465
158
277
37
299
155
114
229
38
225
2827
182
98
145
273
155
216
108
218
145
169
174
91
93
292
187
69
294
247
156
87
281
17
205
6
254
269
65
222
171
228
198
18
173
124
292
257
192
137
34
2439
54
25
1335
56
260
208
3477
190
213
122
295
1748
140
92
197
116
39
21
188
204
114
118
288
156
201
196
295
185
162
3314
104
13
69
204
81
247
219545
112
112
115
27
82
99
99
177
237
92
251
3111
111
102
156
205
251
285
232
247
23
194
46
225
138
84
112
1302
69334
211
78
298
52
4468
298
278
1844
75
179
24
175
184
279
241
144
260
26
191
1908
67
30
37
36
288
170
137
95
200
271
144
218
34
156
222
152
232
200
76
31
203
197
248
211
131
27
276
67
190
179
208
101
254
26
102
4163
227
37
258
140
23
7
169
2058
123881
281
2912
3493
2940
237
77
111
14
3209
126
25
3743
95
218
30
297
50
77
135
85
235
166
205
128
260
40
4077
111
153
210
18
44
292
130
229
227
147
280
101
157
180
61
105
136
187
138
123
38
170
68
1915
105
118
84
7
88
181
245
286
1281
51
278
133
297
150
4552
14
119
238
132
214
106
120
136
252
178
36
2816
267
214
119
250
157
275
60981
3579
235
171
37
122
288
10
81
1129
138
260
297
50
42
42
3612
253
23
193
109
235
216
264
108
137
141
17
236
113
103
156
57
46
29
964
45
36
290
209
112
82
76
183
60
236
281
300
224
16
285
255
184
257
127
66557
296
70
12
21
263
21
99
233
200
293
21
52
109
241
53
136
166040
78
171
53
1964
125
93
143
173
160
79
172
254
232
13
221
83
127
158
84
21
22
11
163
97
192
237
245
120
298
207
264
179
128
189
256
10
2302
239
159
234
300
55
224
225
187
5
104
27
245
197
221
34
65
1542
288
147
153
54
124
58
254
279
154
169
113
280
262
196221
119
28
135
287
91
170
212
141
100
80
80
234
135
44
141
269
142
38
161
4800
283
265
281
200
260
195
1255
205
127
1434
281
102995
40
156
9
44
203
227
200
286
276
176
270
56
279
182
129
22
118
42
230
89
147
4288
253
211
151
278
3779
238
54
12
85
85
49
224
21
150
190
101
124
4787
260
348
246
35
192
213668
199
33
273
6
234
215
4544
1988
161
136
179
81
222
3273
75
96
50
185
288
144
87
87
285
151
54
183
169
34
125
144
164
87
165
53
80
101
92
76
270
17232
104
193
260
298
270
131
247
185
178
46483
2775
148
37
118
44
270
295
209
140
241
255
182
928
101
133
138
56
264
6
274
160
221
2065
168
10
235
119
97
159
276
85
275
10
77
148
175
219
155
299
115
249
227
287
127
271
196
9
1679
173
226
278
165
264
245
100
255
264
249
152
236
244
68
175
61
114
266
4933
207
4989
84
206
159
41
145
162
262
158
36
195
65
8
107
262
161
10
234
76
256
61
171
3473
149
66
134
138
52
263
242
194
244
291
61
827
115
179
288
112
13
201
47
109
194
133
249
3469
78
176
145
228
5
218
71
70
269
282
1117
285
463
73
37
1836
90
191
203
4479
17
241
282
54
2439
160
109
409
132
189
259
15
50
3567
171
1687
69
212
225
52
216
145
98
143
11
242
183
118
189
147
295
53
148
36
60
234
234
162676
258
120
233
2841
53
50
162
189
114
42
50
124
56
41
117
1343
87
132
242
184
280
27
25
154
181
280
18
297
117
125
66
117
298
160
131
265
173
75
231
196
156
99
229
217
27
93
96
47
186
283
228
35
286
1866
132
261
91
242
2396
4377
78
62
108
866
3947
41
278
67
282
18
247
245
19
8
1674
94
90086
3263
85
112
5
75
143
80
64
39
275
29
261
293
287
2587
152
3153
23
299
171
116
281
269
269
20
203
477
14
120
2917
239
67
108
280
265
3254
10
69
59
249
5
241
62
117
86
166
244
231
67
40
291
252
32
73
241
224
102
125
181
1734
4020
2435
3531
3919
63
291
271
11
42
255
80
99
56
26846
103
254
66
297
53
251
273
262
234
73
278
60
47
155
37
247
294
115
72
81
9
81
32
28
34
122
107
43
69
263
135
275
65
134
22
160
89
284
71
192
81
134
147
31
122
22
151
252
223
242
9
50
66
138
167
207
133
108
211
279
81
277
105
164
295
134
168
20
98
221
161
60
135
116
29
10
27
116
187
161
171
173
256
146
94
54
288
120
282
19
4514
235
147135
167
4799
294
186
106
244
188
198
277
2508
3286
218
77
158
113
194
289
154
70
169
126
290
4261
77
49
64
155
200
116
130
189
204
35
7
118
275
153
121
11
55
115
125
177
113
70
225
255
210289
117
298
281
251
69
255
154
203
98
99
82
337
1345
138
103
1238
65
297
99
26
53
105
93
244
84
244
59
265
153
234
149
3736
243
204
157
297
99
68
107
95
293
280
155
101
158
60
159
167
36
275
7
299
4239
233
146
20
20
231
266
196
205
122
266
449
132
94
40
128
149
249
66
220
252
143
121
173
438
109
44
279
141
236
80
207
101
153
91
205
38
4824
132
67
13
22
3323
290
214
197
83
197
167
38
194
196
60
3658
227
124
172157
131
2350
52
214
181
229
262
281
254
6
73
135
48
15
296
41
196
249
277
277
70
27
193
71
139
189
298
205
250
231
250
55
276
10
107
110
275
44
74
38
184
35
89
51
78
32
150
99
6
77
81
18
64
93
97818
138
19
281
40
59
4437
208
171
26
156
12
53
98
253
151
128
295
262
114
30
134
153
175
65
221
154
148
270
216291
66805
11
152
270
75
295
209
81
89
273
281
148
159
142
1122
2387
48
9
226
47
291
232
13
131
189
150
185
248
92
248
189
273
32
187
118
34
618
84
67
180
162
58
3433
26
75
66
182
141
64
176748
110
40
43
297
111
82
218
205
109
3037
92
141
9
239
177
247
5
176
91
122492
172
279
46
5
1339
148
202
52
29
232
274
175
92
23
33
23
231
28
273
228
140
195
262
43
79
140
4835
43
232
49
169
247
274
148
114
108
130
2411
257
250
263
228
24
239
53
128
73
122
44
166
280
20
55
169
188
130
132
885
189
262
154
19
108
274
21
277
110
36
236
39
8
140
290
273
125
262
283
248
58
47
28
291
263
4821
196
243
30
133
32
153
94
188
4661
282
252
76
184
107
262
22
90
267
45
240
239
88
37
172
119
81
118
73
4203
240
150
8
10
285
293
258
186
3833
56
161524
218
104
165
34
239
213
5
2864
172
82
27
30
123
122
216
47
280
23
3711
289
289
120
85
139
645
97
266
255
23
221
238
201
205
246
114
273
177
139
225
278
45
138
7
43
105
151
145
195
4062
3451
272
261
224
199
213
108
154
125
75
259
69
244
56
20
87
222
71
114
82
43
83
29
300
37
243
275
92
182
53
270
45
212
213
264
274
236
17
190
54
3818
212
60
3181
279
51
299
80
4491
298
74
172
64
98
106
290
278
148
234
245
299
223
244
230
12
86
59
225
152
165147
305
28
14
3880
182
11
1463
140
110
260
276
187
151
683
101
129
28
184
156
113
116
1350
36
190
171
277
293
74
96
21
134
231
67
34
33
90
64
4713
95
292
34
218
74
4530
169
141
267
13
53
143
254
38
271
40
243
17
166
6
284
255
188
73
110
54
250
153
135
49
107
87
60
279
212
265
128
12559
58
179
231
273
160
100
293
80
249
298
194
184
297
1535
142
280
21
51
59
127
129
240
263
129
263
18
17
102
4736
297
264
30
298
147
28
89
167
250
213
121
3571
91
229
56
56
109
100
222
293
23
170
10
65
5
34
289
115
74
101
113
104
95
26
5
192
248
36
30
639
146
281
3966
3241
65
288
64
88
27
188
277
858
216
217
2391
295
262
227
285
232
103
19
261
11
59
171
28
67
224
90
1597
292
219
42
291
145
295
170
4880
245
80
6
18
4124
79
38362
74
167
239
149
273
298
184
236
248
135
203
127
11
235934
192
236
206
185
217
15
51
68
137
8
4192
269
64
259
490
222
294
35
250
285
268
249
3325
156
67
115
214
272
107
179
4233
7
77
226
76
174
287
266
3121
27
79
4235
292
156
101
22
141
122
190
261
215
299
150
80
118
159
205
148
2326
297
17324
3227
244
44
71
242938
72
194
49
184
202
184
136
112
161
101
31
6
264
54
146
22
86
46
45
135
219
28
236
258
17
53
1126
271
876
134
137
1049
69
131
142
2850
259
119
112
234
227
241
174
177
199
90
4448
101
83
190
179
32790
220
10
943
199
9
2415
297
169
64
73
281
124
3268
202
174
39
2743
165
273
263
2705
104
134
224
148
72
277
247
166
116
83
50
234
101
140
65
104
139
136
95272
157
30
224893
211
4068
238
47
207
13
121
129
49
3120
230
122
64
15
106
33
202
140
127
24
22
239
113
290
162
176
11
99
57
252
68
206
5
282
61
246
4779
209
2512
1724
17
245
289
2255
264
164
167
290
277
297
71
165
97
118
192
28
126
293
201
261
253
271
56
15
146
54
99
55
2001
248
67
60
37178
142
56
1329
61
224
245
236
14
181
41
183
72
212
62
28
140
76
193
191
49
156
53
292
174
18
46
151
21
265
10217
10242
11156
99123
146877
228798
232289
247423
249223