1970
180
204
187
170
108
103
91
92
177
81
196
104
33
161
211
100
194
849
109
243
36
4054
250
48
225
98
279
275
31
177
271
194
211
78
95
174
183
163
95
200
214
47
167
280
58
247
232
171
64
131
2501
28
579
261
268
60
26
33
54
46
26
29
298
187
99
297
212
172
21
136
1027
202
272
214
68
211
11
257
150
131
112
245
269
72
251
201
276
153
84
33
26
256
1216
184
178
142
232
243
2046
85
122
118
167
70
72
118
129
125
197
15
102546
25
63
264
108
206
1910
191
299
102
132
202
203
198
236
149
212
164
107
107
4565
191024
192
252
267
53
243
277
204
162
264
194
189
156
68
32
108
228
4686
201
2057
265
2158
241
173
238
192
136
300
43
38
197703
168
190
32
187
153
248
257
282
42
259
16
160
3421
19
2404
44
231
2797
103
148
131
221
4899
64
226
107
283
3371
232
123
299
195
222
57
146
58
284
143
224
76
3088
10
3206
132
236
206
6
249
3762
2407
1933
132
237
35
97
269
214
176
6
270
2604
1475
239
8
257
93
236
22
56
249
118
30
63
261
208
174714
276
59
67
295
221
3315
37
105
93
268
287
508
44
178
6
60
130
93
234
14
15
227
19
119
64
250
247
61
171
209
245
3645
190
2848
221
190
111
135
5
33
118163
2289
2088
234
210
12
134
199699
139
123
2158
235
141
45
169
144657
121
91
17
137
215
34
241
22
45
207
38
97
14
28
252
264
12
109
173
244
290
265
265
166
68
2615
101
145
124
4282
48
25
104
254
84
101
276
13
142
226
230
223
111
150
195
28
1711
272
173
30
53
32
42
34
35
183
87
104
163
77
162
190
243
269
279
266
109
148
122269
272
4615
4604
156
147
2979
138
2659
200
219
162
14
195
51
7
169
253
199
21
127
55
234
167
155
14
41
188
269
71
236
89
1491
74
282
89
107757
138
99
282
7
219
476
222
282
14
56066
293
80
98
170
135
188
144
98
63
10
60
4572
188
59
47
297
69
5
235
168
91329
14
292
84528
295
256
177
3546
157
3847
223052
143
37
121
191
137
225
88
294
77
263
264
172
124
89
262
32
472
273
148
199
182
134
157
3722
137
186
30
3044
235
153
98
136
296
4315
284
2654
13
277
92
228
127
247
43
129
214
103
236
236
228
61
244
71
300
177
101
33
265
192
278
88
259
264
269
264
47
148
183
197
182
31
226
127
33
69
76
230
77
155
253
67
47
270
428
217
94
65
46
136
293
232
42
242
279
1016
212
199
255
4232
110
43
41
233
296
9
283
103
163
162
16
240
36
120
208
188
174
134
3032
13
183
175
19
154
90
31
150
38
152
193
51
175
95
285
47
270
42
23
236
112
204
72
289
295
123
131
19
32551
1750
33
80
245
4387
191
163
202
40
238
2760
7
123
234
186
255
88
284
4174
105
286
34
199
11
9
64
270
173
152
11
122
153
3337
13
61
230
99
262
223
72
135
197
222
19
38
139
39
154
100
16
156
10
19
173
127
188
246
192
105
224
1346
32
194
206
257
213
84
56
187
122
187
284
189730
223
183
146
189
230
80
177
147
280
280
279
156
14
184
124
43
65
136451
134
235
128
241
6
183
223
67
255
200
108903
100
192
231
59
152
78
231
50
221
133457
239
209
155
118
59
271
45
34
264
70
161
186
68
108
273
77
6
67
138
80
53
75
66
183
185513
234
70
67
97
263
22
198
255
125
195
233
245
612
94
174
111
214
175428
59
95
280
126
163
78
14
254
232722
298
254
237
245
43
175
172
74
4063
26
279
249
160
137
118
20
61
236
2077
240
184
3950
92
219
89
282
132
13
43
6
2055
222
21
278
64
280
31
86
275
149
236
287
114
90
62
241
103
3238
68
274
300
263
149
103
275
227
85
295
186
205
283
118
37
42
198
77
130
4430
61
177
206
150
164
254
17
138
228
10
246
59
1379
254
104
122
94
121
723
33
284
45
145
123
176819
163
16
1835
134
133
74
146
179
226
128
242862
144
97
93
242
176
61
82
132
97
16
233
1789
113
297
298
263
183
101
233
240
125
244
273
59
75
20
228
279
23
159
498
189
139
269
73
44
215
281
39
250
61
187
288
283
61
66
2185
107
277
64
209
34
8
56
297
164
164
94
286
174
4487
112
280
66
166
203
241
89
52
192
179
3973
26
67
76
191
218
6
207
255
182
3686
148
2684
275
283
221
50
211
183
54
91
50551
47
126
164
3474
155
223
255
26
684
4128
141
255
146
163
242
156
241
178
237
151
1772
41
139
278
2283
143
178
207
26
115
274
329
288
58
35
100
259
295
129
167
217
280
31
1313
295
172
140
37
1131
11257
223
265
47
151
220
294
34
269
149
186
117
126
35
129
1060
2672
130
132
203
210
8
119
290
99
100
158
175
72
268
259
177
44
59
147
192
67
69
30
129
276
293
13
58
288
243
136
24
93
271
200
163
35
55
117
269
151
256
141
303
38
289
107
229
248
231
108
231
119
158
95
164
154
84
2408
286
101
256
206
205017
56
130
254
196
276
131
135
213
115
174
135
8
115
2432
132
80
134
35
266
211
168
168
173
204
56
53
62
136
149
44
4603
67
269
214
724
235
89
295
12
188
267
148
299
270
127
214
109
52
159
111
80
1777
224
299
288
105
128
237
133
159
50
271
210
124
162
140
189
2374
154
188
111
284
104
104
61
1445
92
210
34
248
250
77
1972
112
217
276
42
228
91
150
281
48
270
142
134
157
99
103
215
31
89
162
291
827
31
227
132
138
205
166
113
254
125
171
221
142
149
890
3059
192
287
215
267
6
265
214
49
31
196
269
81
125639
290
217
13
85
46
173
219
227
295
176
189
84
159
177
281
132
5
292
210
208
13
173
249
15
125
144
62
246
164
45
78
217
245
278
188
293
38
243878
110
2101
60
988
1372
193
84
43
276
228
237
50
210
113
111
135
84
119
234
233
218
5
161
38
26
186
139
256
235
119
44
139
246
202
295
293
171
177
18
145
149
234
1981
107
230
300
211
4056
297
120
31
232
2819
171
23
39
215
4283
203
297
132
6
124
143
272
83
174
76
270
136
210
264
71
292
7
55
229
157
195
274
239
108
66
197
186
103
256
87
83
181
123
205
279
233648
31
91
93
289
112
114
49
222
90
273
250
116
135
223
143
57
2024
171
83
10
61
144
252
175
64
178
266
98
145
97
144
249
252
187
63
96593
33
263
59
43
175895
1356
58
190
148
74
271
133
55
27063
260
130
67
162
125
204
300
159
47
161
203
63
236
1953
234
102
5
138
236
158408
181
86
105
215
132
22
124
86
178
215
41
17
264
195
140
263
212
142
226
198
67
65
2806
218
155
291
28
115
239
308
155
142
107
120
107
199
144
106
49
1023
4454
57
244
256
249
90
28991
254
56
4514
68
1182
208
277
105
65
228
248
216
13
111
135
54
21
236
215
162
159
137
32
35
253
188
130
97
185
85
40
287
128
238
160
271
247
281
121
14
1398
27
9
300
239
256
25
121
157
171
239
100
78
228
41
145
283
120
137
168
24
8
44
48
143
59
239
25
46
159
120
53
76
199
4992
44
544
130
3533
129
104
240
186
1643
262
276
192
15
236
119
211
147
174
243
72
72
30
64
25
283
229
236
207
94
166
207
285
300
60
120
152
230
189
222
121
275
271
229
102
181
8
182
51
101
275
182
280
134
30
30
40
37
201
113
119
227
77
244
103
7
223
256
239
22
133
82
164
88
41
45
118
78
226684
95
189
252
204
243
188
211
224
241
33
4079
183
300
282
136
212
52
53
73
4332
287
74
155
138
233
87
14
36
248
168
88
143
179
234
281
1427
27
240
157
25
26
289
237
180
174
42
95
493
33
129
126
75
129
3464
829
104
16
285
72
181
293
279
192
272
257
294
33
126
29
33
33
259
99
223
213
281
198
69
4311
123
145
230
3966
285
181
88
118
296
188
114
254
149
198
126
289
39
102
159
213
62
120
276
199
200
121
266
45
129
250
115
116
2487
60
40
142
164
75
226
173
159
149
91
4163
26
230
212
10
188
141
264
12
185
2707
216167
12
188
143
286
220
94
170
163
206
1828
247
142
192
50
4608
67
174
295
93
161
18
265
213
162
122
188
68
270
54
155
86
89
242
172
181
207
212
179
3965
162
4152
290
297
14
223
208
1726
223
202
109
243
44
217
91
121
88
111
259
273
46
107
234
145
3526
15
846
167
278
252
282
144
110
63
118
269
290
458
75
223
30
7
290
60
278
299
294
249
110
139
126
276
114
214
180
200
15
17
260
184
65
164
30
251
282
4342
30
269
177
137
241
241
165
92
152
127
124
247
3629
169
268
155
244
127
11
243
210
30
122
249
3732
96
39
95
9
197
209
8
279
189
203
159
162
107
245
161
292
98766
98
39
286
128
297
3015
187
266
263
266
8
130
239
31
255
222
241
198
89
3765
257
194
259
159
10
22
187
270
115
185
233
143
183
201
268
111
289
19
100
6387
225
252
152
120
174
194677
61
270
142
239
131
216
285
258
274
6
113
190
119
193
165
282
264
227
202
57
161
154
95
5
163
19
26
167
24
287
1105
52
1143
292
246
18
251
203
89
181
41
144
71
86
144
59
170
140
289
93
103
2939
152
243
54
73
129
39
114
276
66
82
21
236
77
296
4896
139
252
3146
208
184
91
56
179
27
235
55
251
159
19
36
28
263
67
48
112
716
121
264
185
298
193
82
143071
90
206
2319
1368
185
109
142
26
279
292
108
285
250
2225
16
66
7
267
260
142
234140
277
168
183
148
171
2142
103
1603
151
191
3003
174
7
210
155
135
190
85
175
86
15
198
23
209
68
14
160
281
4440
255
262
232
86
49
40
146
132
140
193
197
11
199
102
44
164
83
152
144
229
274
221
266
33
108
73
72
62
42
86
273
158
107
190
177662
3716
167
122
213
170
297
2059
77
212
291
19
172
183
205
33189
277
204
276
280
30
113
29
298
212
4787
32
92
89
154
158
202
185
294
101
181
127
43
211
231
12336
220
157
194
201
245
114
172
152
37
41
155
229713
165
148
27
56
56
293
8
168
237
68
128
288
274
112
264
100
72
29
290
16
68
54
242
75
291
159
48
37
68
127
125
163
77
141
52
2006
188
62
245
8
279
284
153
202
176
188
154
277
4293
98
41
52
176
268
42
131
146
25
216
2886
218
252
192
207
207
109
75
198
4710
28
210
178
128
80
36
143
139
135
2396
21
163
163
171
193
132
126
240
265
83
183
138
253
244
199
155
4354
212
218
215
78
12
293
114
80
175
13
70
271
99
249
175
290
177194
392
8
2286
42
276
133
2820
192
2596
281
181
65
89
160
219
52
94
54
28
61
139
161
249
82
172
300
44
4711
193
177
111
62
236
241
108
180
286
102
119
183
4702
69
153
260
66
53
106
26
243
4192
111
118
150
250
136
227
149
211
160
155
278
247
31
187
127
235
185
209
260
153
52
218
1556
251
197
295
184
178
294
215
223
180
219
207
111
82
36
136
23
65
51
236
38
10
285
217
210
278
197
118
72
31
250
124
169
70
133
1966
250
8
286
263
162
4366
102
231
230
148
257
234
221
16
64
14
259
204
44
263
36
25
222
82
86
1939
117
216
107
23
210
229
37
263
228
3607
206
256
175
89
1016
80
254
99
113
156
96
288
149
205
36
133
97
109
23
6
211
25
126
278
6
262
192
210
125
109
48
182
159
123
156
221
116
66
287
81
953
221
95
282
135
214
179
177
248
220
231
130397
123
14
170
186
174
103
39
253
5
127
169
124
297
280
6
270
15
207
191
216
125
224
254
233
274
83
288
160
284
106
283
240
178
258
146
214
218
143
226
138
262
67
250
201
1584
253
175
3487
213
195
168
228
297
125
166
72
41
137
148
286
119
2258
263
86
173
200
165
78
229
107
252
51
1635
93
111
117
205
2101
232
68
289
166
162
259
214
4528
90
85
59
284
255
227
215
90
249
119
291
195
252
277
218
240
281
73
299
218
44
42
62
12
152560
89
207
55
225
279
265
48
97
229
76
72
116
40
285
273
194
294
3693
30
4382
36
164
93
243
32
166
381
3454
24
2659
89
61
250
51
207
185
171808
220
858
224
263
25
10
150
112
221
153
259
88
56
245
122
180
146
300
136
165
244
151
143
84
153
65
62
1089
119
287
3333
199
298
1340
78
140
3518
12
43
37
281
254
78
136
1973
263
39
50
15
222
233
211
245
41
108
86
136
485
74
18
196
151
285
78
266
106
3983
254
270
193
224
44
169
56
20
132
192
219
131
110
111
4212
189
76
248
214
19
140
261
155
172
275
137
269
67
227
60
271
234
232
169
199
49
253
183
24
99
158
146
16
23
26
256
47
254
247
13
3911
269
2429
259
110
63
206
4071
228
288
61
14
55
252
222
16
271
16
231
2724
146
142
238
98
223
29863
208
291
111
64
208
181
233
3079
292
223
212
120
96
1690
162
54
100
110
278
125
12
284
58
136
252
51
115
186
143
298
515
270
280
1401
292
271
248
57
121
56
248
91
191
255
4612
2228
136
90
4249
256
47
182
161
75
276
4863
3352
235
151
236
245
241
250
10
262
38
204057
182
195
196
230
288
237
156
148
207
73
139
213
714
237
256
14
141
111
175
117
292
20
255
114
34
280
210
223
137
179
141
35
38
72
4831
162
13
185
108
157
73
70
1518
125
226
85
189
216
71
221
181
4786
57
216
90
98
867
160
1734
166
82
69
281
196
271
137
336
120
285
218
299
21
10
229876
140
108
299
100
193
172
160
22
259
66
175
166
57
62
13
218
193
216
129
235
1319
186
52
240
29
3373
259
277
18
135
258
215
139
199
78
16
261
151
184
95
142
109
255
164
38
56
125
252
33
142
105
23
147
77
29
100
114
3603
240
127
282
16
97
48
81
24
54
152578
43
162
175
190
284
297
215
139
100
222
148
98
147
44
31
13
88
147
136900
206
168
71
39
1040
409
48
249
1649
259
269
24
104
260
4970
28
67
233
250
553
298
54
267
248
59
126
102
251
56
107
126
4242
157
290
269
219
254
121
21
148
174
36
34
296
126
70
182
242
170
24
213
110
259
197
11
984
54
179
202
44
217205
294
9
230
126
141
250
39
246
262
273
216
25
54
202
119
253
147
259
265
86
274
4632
176
171
160
174
224
55
228
9
91
92
96
95
14
28
262
251
43
193
238
135
68
1582
223
261
190
274
88
49
255
149
265
110
214
270
57
214
284
2455
134
6
212
119
194
267
37
82
55
215
1674
120
204
50
12
296
295
6
188
221
148
2181
232
110390
106
150
267
34
288
11839
4032
122
280
2371
244
219
120
173
283
167
88
135
130
131
129
256
218
91
149
249
124
113
95
276
289
62
475
82
234
195
189
16
51
155
117
198
262
255
221
123
223
79
135
204
30
98
112
229
222
212
277
139
277
283
59
2848
195
51
54
153
185
4826
28
118
3469
252
23
64
148
283
20
161563
268
93
100
64
235
16
220
260
335
1706
49
230
105
290
14
44
276
70
112
31079
296
14
142
275
212
30
4025
12
20
239
218
63
64
126
276
16
150
211
148
140
54
278
118
157
180
143
805
260
50
292
28
95
275
10
1715
279
21
221
28
202
221
44
259
72
3263
175
111
178
14
27
52
88
29
178
282
222
258
103
119
268
47
144
26
45
23
279
130
130
114
33
280
290
296
298
74
103
209
164
95
145
1215
75
256
174
221
74
60
292
265
10
4156
270
44
96
23
175
2866
218
42
252
180
285
216
83
38
291
212
90
253
12
76
184
29
1131
241
280
223
264
230
174
4298
237
120
202
42
166
124
1742
150
230
143
2942
290
278
233
1507
183
126
85
115
206
103
2273
160
185
106
8
3584
248
272
218
65
28
25
163
12
197
208
167
256
85
203
36
253
258
48
243
57
80
282
106
50
180
216
56
267
1670
230
56
134
159
286
141
252
294
85
145
21
255
113
221
167
203
82
261
23
12
243
45
271
4842
123
222
158
89
226040
265
98
285
174
221
222
23
116
7
25
207
114
171
300
93
76
224
247
113
21315
287
139
289
76
3179
4578
71
217
49
225
175
11
125
74
32
240
36
91
194
119
217
130
281
57
206
266
219
181
156
81
71
204
157
233
128875
262
217
261
7
191
3703
178
10
186
85
252
201
21
108
198
172
187
145
160
47
45
59
27
258
208
40
211
132
245
215
195
19
14
87
108
81
182
180
77
281
45
159
280
276
91
196
238
280
201
204
4238
92
80
186
251
124
160
70
100
276
215
29
64
13
80
250
20
298
20
60
137
97
81
281
276
21
273
146
279
116
106
121
288
155
17
243
114
12
154
103692
206
32
121
15
209027
59
194
26
156
120
2198
112
60
207
4234
32
137
35
292
188
184
135
160
2922
292
99
222
111
159
242
275
123
1093
225
152
23
57
4885
116
4252
55
282
94584
213
220
176
33
250
274
36
296
170
17
294
126164
166
64
95
2159
186
63
73181
261
240
160
91
1735
13
255
157
137
71
84
48
255
157
254
229
1995
207
113
219
213
97
162
7
6
258
43
230
10
273
66
41
111
57348
240
96
126
39
78
244
1500
33
22
298
229
224
197
17863
290
40
56
84
2789
300
56
60
68
59
237
79
130
226
41
223
45
135
251
200
232
61
200
68
27
178
298
246837
81
207
174
218
54
571
228
125
283
284
243
91
129
67
157
4952
51
256
27
167
266
77
292
140
114
46
71
144
223
126
193
137
92
1154
76
147
157
139
292
57
229
295
224
288
32
255
104
1649
119
223
173
14
57
119
79
197
3030
161
105
275
256
289
124
248
190
207
147
137
71192
298
134
294
205
96
204
215
70
139
84
17
176
138
135
218
144
37067
253
141973
47
245
231
210
2049
231
93
286
50
70
101
35
43
119
223
12
275
2608
96
71359
57
48
172
41
115
124
220
282
17
141
248
156
65
111
233
16
241
171
22
218
94
16
252
22
14
200
232
261
248
2343
153
35
77
131
254
83
291
47
61
201
231
38
197
257
119
278
216
291
153
119
258
125
63
99
204
281
74
257
125
252
253
143
33
214
262
186
152
27
2239
143
126
52
4024
6
1458
254
126
280
15
2259
193
109
187
261
31
93
104
134
180
191
237
151
282
207
65
108
102
50
81
95
275
232
90
101
239
223
292
220
132
30
189
10
250
177
274
129
261
25
171
59
167
35
145
248
31
98
46
108
142
78
34
226
277
179
1397
98
290
300
75
254
172
177
245
259
2208
57
251
17
7
70
4956
243
268
2287
300
98
119
117
232
12
175
150
13
55
178
53
41
36
131
187
164
164
199
257
295
291
121
57
2959
262
181
112
44
51
14
259
257
277
71
239
34
130
173
26
206
200
512
107
22
226
160
58
282
143
137
292
276
42
23
227
184
1160
88
182
40
298
55
105
420
97
182
3810
119
62
201
251
26
28
26
164
83
109
271
210
111
126
134
189
2285
33
100
4802
267
23
182
408
154
215
210
300
66
45
297
119
110
216
283
161
243
216
121
13
174
242
149
78
1357
105
1086
148
192
153
60
83
283
193
1785
199
75
164
161
129
3822
2790
2337
46
46
162
38
130
177
789
116
244
186
204
240
18
249
13
154
192
279
193
219
3012
190
169
221
3772
299
102
187
16
167
178
110
32
157
20
171
256
154058
94
254
254
253
204
209
131
156
172
142
42
1257
191
91
3501
109
61
302
124
2776
239
211
103
176
87
169
108
215
270
161
207
73
165
256
77
88
105
92
221
125
272
86
124
171
1337
204
246
272
27
43
285
19189
15
214
211
185
223
107
91
20
120
76
74
120
245
187
57
804
111
206
2026
202
4545
157
116
73
218
48938
198
225
98
21
132
249240
140
108
3748
262
178
195
266
7
67
222
289
4370
1742
255
284
81
191
183
90
1020
69
70
245
156
165
297
12
215
113
290
164
193
4962
41
32
189
125
184
281
108
296
231
1398
53
312
204
218
268
6
199683
234
182
254
45
68
72
78
263
122
68
297
159
29
59
162
38
224
64
118
8
276
189
146
18
65
291
36
3773
207
203
13
194
298
257
211
203
186
299
88
242
942
169
169
3157
231
228
248
17
25
104621
88
48
135
108
247
262
12
289
32
291
272
107
244
610
286
196
163
221
38
186
260
77
30
122
152
288
250
79
609
58
41
2006
96
251
183
172
45
77
141
159
14
147
250
267
280
1553
83
199
166
84
186
221
188
3431
15
287
275
205
115
78
57
21
69
32
99
192
293
223
9
119
244
17
42
289
246
124
17
125
124
266
60
213
32
46
160
252
127
170
24
98
4993
108
123
197
193
208
147
292
193
46
255
251
112
192
64
209
3890
1527
206
263
289
170
90
1294
139
10
61
51
28
90
248
251
292
165
256
275
232
118
144
247
3968
253
42
126
287
4066
22
3321
293
14
84
52
273
31316
212
128
40
277
151
189
213
61
1473
131
180
177
14
167
93
270
189
13
267
30
215
220
199
139
15
243813
158
208
187
195
155
57
25
297
265
246
233
120
143
139
92
224
165
154
236
1578
210
44
1440
181
86
3042
237
1812
1267
203
300
78
147
21
290
242
105
298
89
76
3238
49
100
173
52
138
197
99
39
43
81
38
155
189
366
189
275
298
131
210
220
260
277
55
113
251
232
119
143
124
151
90
2745
139
135
287
15
200544
195
254
100
89
245
201
237
79
135
122
152
3571
37
1672
132
252
261
68
35
294
59
40
247
26
30
208
173
2339
1552
250
35
262
298
62
221
103
51
22
293
272
274
3490
277
223
183
122
233
271
98
165
55
127
265
297
260
145
15
23
150879
175
4127
3178
120
85
60
172
15
802
286
76
33
225
87
129
187
76
263
184
170
156
280
195
95
41
77
116
149
91
37
243
118
247
136
233
255
56
146
284
418
296
180
111
119
260
161
9
39
1138
53
243
80
1742
118
212
260
180
115
2313
62
184
130
163
158
75
31
4587
88
242
107
280
497
164
26
103
125
115
23
27
102
85
146
176
76
40
51
120
60
176
217
31
513
162
244
164
40
3993
157294
58
280
110
23
236
263
65
287
52
100
219
183
62
282
1545
7
162
131
78
86
211
50
101
3250
281
3947
3234
88
192
224
243
113
178
153
182
60
24
69
110
175
200
271
299
226
131
268
224
99
247
110
17
114
235
266
295
182
226
104
5
4430
289
165
214
230
54
124
238
295
259
293
252
191
170
57
103
298
185
36
221
146
3280
150
181
111
78
180496
182
1603
46
72
226
294
181
146
185
42
136
167
27
115
47
195
132
192
21
143
11
28
265
1766
184
158
277
181
291
112
2822
73
114
1722
190
93
271
193
31
177
167
26
225
171
266
257
167010
85
33
5
49
277
171
230
122
8
237
224
2816
108
24
259
30
275
64
292
131
135
56
120
135
161
62
292
46
259
4431
51
173
2170
88
117
96
243
160
77
147
166
220
232
247
148
276
288
87
5
187
269
297
26
148
17
10
146
1736
261
195
82
73
251
151
280
30
245
185852
190
3292
256
248
81
424
84
1865
203
90
59
278
33
201
264
296
265
287
56
151
26
199
259
199
35
164
153
148
96
27011
31
89
235
21
151
128
251
4165
92
153
131
18
159
130
72
183
40
13
84
56
255
107
8
261
269
199
212
187
2786
88
205
89
275
21
159
276
200
226
12
175
158
281
250
209
67
60
15
80
165
130
286
130
85
210
259
287
785
246
250
73
245
59
115
251
264
82
179
272
59
52
143
293
160
117
252
65
278
27
186
265
233
128
144
21
4486
162
186
742
245
141
289
102
75
253
172
198
30
202
45
37
28
18
72
133
236
76
51
56
156
204
179
29396
7
197
287
290
117
170
46
133
265
162
163
201
256
295
202
194
162
18
295
291
66
210
6
200
26
1040
197
49
232
102
117
203
259
207
278
76
105
2105
32
295
2274
245
89
287
140
220
136
152
196
78
224
2819
216
68
153
151
169
282
1240
236
297
102
157
120
39
287
4712
67
212
292
247
108
90
247
196
153
176
211
281
137
4603
145
44
182
273
199
178
232
199
257
128859
79
21
156
284
52
125
208
63
202
297
49
129
244
20
53
134
70
264
277
233
37
234
287
51
238
187
267
44
1919
135
84
288
294
236
265
93
252
138
80
228
154
211
200
269
132
198
274
52
65
134
25
138
275
129
287
203
63
1143
199
183
145
213
35
165
191
164
138
6
58
77
296
3915
208
279
144
112
175
135
118
14
3878
172
67
623
3895
268
102
43
54
110
96
118
130
33
52
223
94
27
143
66
183
146321
56
36
188
205
101
232
24
83
227
114
64
139
283
233
202
202
45
34
266
282
65
233
242738
294
206
209
4319
138
236
123
4126
289
215
1414
41
126
121
240
121
19
151
47
4908
215
38
226
3166
152
154
203
240
26
252
158
137
185
72
97
98
176
210
8
170
278
201
266
75
56
272
32
283
3280
97106
36
252
107
244
1182
151
218
137
169
236
15
34
238
293
60
279
1699
202
166
41
57
36
152541
236
275
250
141
249
157
123463
165
251
130
252
49
2385
235
180
204
99
126
235
265
203
250
171
90
213
168
199
19
8
139
21
148
287
185
176
163
5
283
57
252
250
10
32
208
172
148
89
179
71
150
149
20
27
12
193
55
217
133
54
101
94
142
26
236
357
11
167
105
52
229
67
204
35
91
253
153
377
228
102984
228
21
39
174
8
242
248
45
236
73
276
255
177
190
234
224
299
246
248
39
242
8
282
101
776
6
292
169
137
58
18
90
54
108
176
130
234
80
64
273
118
45
212
5
110
133
4329
3626
3554
269
145
194
111
267
13
15
190
97
101
144
22
165
146
38
297
28
71
140
41
220
165
211
91
200
102
91
99884
204
182
117
202
290
104
17048
56
156
194
231
3386
273
282
21
195
279
244
117
36
193
81
89673
128
239
4340
220
11
177
255
12
287
7
174
120
94
13
104
188
145
14
250
143
226
142
75
190
288
272
229
170
231
4663
228
110
75
246
210352
5
3601
65
11
293
47
104484
151
277
7
8
57
264
75
292
84
27
220
168
172
39
223
100
90
222
71761
112
255
4858
203
285
154
230
48
49290
60
157
11
184
248
74
203
2663
180
144
202
161
3435
189
4072
297
132
78
130
26
267
175
129
214
194
239
42
97
202
293
294
124
226
8768
14
49
275
30
45
237
15
184
92
275
136
208
164
13
23
105
15
243
212
270
125
67
103
14
286
298
200
116
2980
52
53
93
157
259
240
220
53
121349
88
203
220
137
172
88
80
1208
219
292
139
135
160
228
163
86
191
255
74
171
269
143
227
9
177
165
168
252
75627
44
69
2387
277
84
134
283
66
144
243
24
13
100
279
4610
70
133
160
78
230
85
292
203
69
180
83
186
1065
192
255
9
291
269
215
88
122
111
60
40
177
220
61
10
29
38
54
220
104
72
249
214
241
298
73
109
107
47
258
222
163
69
208
200
205
53
81
253
225
211
36
103
27
277
288
192
56
192
161
214
162
24
66
295
90
144
175
72
197
19
219
158
68
39
5
114
275
81
292
5
70
299
284
230
56
268
30
291
53969
271
284
129
192
253
144
44
4475
217
109
277
145
274
7656
139
102
1800
250
41
135
70
200
161
108
184
228
262
239
249
76522
135
55
286
18
69
264
287
268
226
67
4401
203
93221
47
3357
278
157
283
3563
222
16
958
279
6
50
47
257
299
43
213
58
81
29
183
182
223
166
200
138
31
51
16
130
155
59
275
72
39
298
261
1551
94
300
50
295
225
137
148
158
3786
4141
397
266
147
61
262
287
172
194
13
300
84
173
94
71
3036
77
146
130
181
195
154
140
187
202302
1210
121
1923
296
168
22
30
72
120
183
250
148
138
263
277
169
4823
66
250
55
115
154397
163
55
209
120297
128
118
123
3410
261
282
84
673
3809
129
2253
187
172
167
291
268
245
119
120
226
131
3184
140
148
273
289
18
194833
205
199
15
221
144
7
218
95
253
252
4007
49
103
240
186
111578
175
3403
156
136
269
82
61
36
263
270
160972
242
17
159
175
238
153
120
194
109
126
68
224
53
72
222
59
293
60
263
13
242
178
240
61
285
150304
3122
279
255
35
134
291
205
40
39
19
130
52
258
154
236
25
278
23
267
148
1861
17
111
22
50
201
2030
14
275
2226
216
800
245
148
96
172
117
287
159
24
237
79
209
52
202
103
70
81
36
120
43402
202
148
31
114
243
243
86
23
13
58
299
149
78
217
34
40
136
107
2620
61
100
37
119
220
171
10
173
173
167
38
77
253
30
871
58
43
3530
272
28
289
1416
170
26
281
385
80
51
68
255
227
70
1793
24
127072
191237
139
148
132
254
3918
244
3082
4864
179
12
279
139
76
172
108
255
145
18
198
192
20
123
163
4141
173
203
205
153
217
91
243
164
141
7
129
110
56
175
59
132
123
275
207
222
210
14
245
225
257
31737
72
299
101
281
158
75
11
4892
278
100
182
58
220
4233
168173
3795
127
257
284
95
246
3645
246
289
50
8
60
289
1987
270
283
265
231
91
251
2618
83
114
135
113
244
145
192
52
130
111
229
212
192
37
203
69
2303
163
167
48
128
261
279
38
154
296
87
43
4138
50
213987
247
95
255
150
145
49
169
133
70
269
207
64
190
101
74
150
176
52
154
95
222
158
260
114
66
54
72
243
12
121
257
216
238
284
113
181
3254
117
266
294
271
3386
187
248
23
229
220
229
74
240
3335
272
229
165
66
286
130790
14
16
115
115
3862
268
1602
225
266
218
247
194
164
98
51
287
16
251
5
112
138
158
167
158
100
182
149
185
62
20
92
3142
269
138
288
187
2785
153
240
3559
270
259
69
2319
214
249
175
188
8
182
221
294
148
138
104
55
258
249
259
204
240
232
97
241
279
2635
2040
138
294
43
297
68
192
10
30
171
7
158
229
100
83
93709
96
1448
111
115
95
267
276
213
32
73
181
67
222
240
541
33
298
234
194
225
230
285
2405
58
77
247
166
370
240
248682
122
96
280
101
53
275
240
4157
40
290
103
158
70
56
31
115
62
10
124
134
70
31
78
155
182
116
59
4672
249
14
284
282
257
215
281
1930
95
37
58
135
18
260
41
33
96
174
121
278
223
171
40
76
185
78
105
2894
273
300
35
69
144
26
116
49
89
100
133
119
215
299
45
81
102
44
2686
80
297
783
164
134
152
75
58
268
206
96
9
15
278
154
1957
77
9
296
2258
154
118
1980
224
58
69
267
229610
164
210
255
67
155
273
88
5
1435
18
257
152
73
15
2749
104
55
46
21
158
6
238620
29
194
197
77
254
179
72
192
142
24
187
290
234
135
57
2167
64
123
157
570
214
13
3426
34
48
133
216
74
214
132
189
116
109
139
215
246
4922
188
235
91
85
75
117
116
288
144
280
249
58
150
283
160
86
105
265
126
219
39
127
84708
233
133
277
36
208
83
72
265
290
27
1080
79
160
30
79
14
167
203
176
252
298
271
196
260
120
110
196
62
79
114
2562
2763
153498
290
129
298
229
11
55
91
197
190
238
70
232
255
55
54
11
100
180
141
2202
70
249
261
83
41
59
280
267
124
151
44
132
57
126
168467
238
73
278
3587
296
74
242
74
86
245
33
177
169
11
53
190
275
244
56
284
596
169
60
35
111
266
194
292
57
156
20
211
124
186
2641
114
90
172
210
224
3671
207
11
248
181
96
50
170
163
212
94
209
291
66
164
52
195
73
111
205640
197
83
24
103
114
212
17
281
234
231
255
253
842
207
106
50
105
195
2688
292
114
245
236
262
77
233
281
296
300
160
22
212
299
287
79
1847
103
143
132
65
158
151
110
91
230
133
258
213
100
17
81
256
134
253
274
214
258
278
259
144
270
88
162
3258
101
88
193
207
109
273
269
49
84
47
216
205
122
66
8461
166
159
76
58
18
204
283
153
3290
267
64
238
936
28
44
193
124
3883
205
204
276
40
193
254
264
256
223
3999
103
97
290
250
30
171
104
11
257
122
202
76
11
54
292
75
112
242
151
41
297
218
81
217
178
207
105
157
26
292
122
166
154
159
77
3534
194
141
193
82
296
67
277
2117
138
235
15
58
267
93
3918
162
35
68
114
4424
265
73
242
157
195
178
6
170
96
60
222
17
262
2907
124
141
154
185
2949
282
4446
75
23
280
186
258
47
222
74
127
36
227709
176
181
106
49
101
4873
214
4745
85
27
125
168
246
1273
68
54
161
178
235
26
67
45
213
107
156
119
128
71
207
5
3462
195
209
239
179
2223
4596
1070
98
257
85
221
123
254
272
272
251
263
104
160
65
3373
30
114
154
165
11
210
31
158
72
161
2128
170
245
231
181
177
299
142
167
5
237
119
2214
82
284
1035
33
215
124
91
100
273
133
107
207
65
8
100
287
209
51
2106
28
106
180
173
148
90
148
119
39
255
237
87
146
138
40
94
275
115
3358
207
80
245
17
269
118
148
284
264
43
215
138
2141
279
217
115
30
106
279
137
172
203
112
92
268
194
237
291
105
141
77
268
247
236
57
132
49
59
297
4483
2354
277
65
39
296
921
187
193
297
155
103
9
123
103
169
139
227
262
281
82
15
217
2403
265
109
121
166
45
18
114
125
298
117
195
197
64
97
258
4132
224
185
42
2863
97
239
164
220
209
54
119
244
237
233
70
55
10
213
135
187
204
88
132
94
984
122
104
27711
268
40
209
192
56
176
30
224
65
255
246
145
47
230
2589
83
125
271
237822
281
92
188
171
168
223
220
247
27
129
42
75
7
197
41
42
3646
92
35
208
78
66
81
201
118
102
158
32
241
226
2287
222
159278
124046
226
275
195
51
168
130
84
69
127
43
74
255
113
37
288
155
73
254
113
163
74
211
295
101
44
237
49
4719
268
91
252
213
279
268
250
290
108
127
219
215
45
290
47
132
58
3360
177
40
202
280
140
203
254
204
121
299
221
151
78193
111
28
72
24
94
232349
30
28
203
171
10
65
81
35
185
222
52
155
59
104
296
282
20
108
35
24
150
32
236
278
146
79
292
217
236382
299
19
65
183
146
285
225
243
166
96
15
184
225
34
162
10
5
218
108
203
5
253
249
159
38
22
145
246
149
68
210
226
240
2106
67
182
21
112
809
210
169
85
223
107
4657
281
187
168
207
233
284
171
239
177
125
283
232
173
3791
224
190
287
240
4655
27
182
15
25
173
3313
114
78
47
193
226
205
286
123
54
28
102
60
216
132
298
1748
204
286
1288
241
279
281
18
69
42
20
20
20
189
83
179
290
180
239
228
144
87
109
26
250
90
127
215
136
252
98
181
72
4584
213
229
239
93
1710
202
257
6
226
136
212
11
88550
153
286
58
109
75
94
178
182
70
84
148
81362
203
226
24
100
106
260
151
112
4904
143721
299
276
94
226
57
202
187
85
86
3983
254
13
111
194
16
141
156
105
154
46
9
66
72
167893
82
156
291
286
167
100
284
218
261
23
99
191
292
196
259
14
41
186
222
296
3949
196
26
133
162
232
231
233
114
32
81
12
260
63
227
179
169
72
233
257
161
269
282
13
234
47
154
139
194
163
142
177
142
107
35
4087
120
273
151
85
126
70
93
175
221
41
203
21
185
225
36
24
85
225
257
19
200
266
28
37
135
118
26
181
241
13
4522
177
256
166
181
261
159
29
27
202
204
184
168
198
207
234
76
87821
240
70
4709
246
22
229
73
73
67
124
182
222
175
25
214
180
76
119435
254
12
4614
151606
35
151
70
190
137
115
6
171
189
238
74
170
212
30
289
125
75344
247
169
184
191
2669
173
2354
39
430
264
101
47
229
127
178
285
227533
208
200
103
1354
32
6624
180
94
83
35
137
10
162
187
237
123
194
243
125
41
3037
3971
235
3802
234220
134
4348
212
61
80
1518
185
270
76
4314
235053
70
501
145
138
187
99
235
279
50
16
211
17
43
57632
60424
113
292
244
176
264
78
50
284
221
58
206698
78
156
205
2283
125
106
279
65
183420
203
152
52
2130
64
176
136
119
127
295
1421
236
56
212218
296
216
219
54
8
216
57
226
66
204
295
29
285
124
136
262
92
279
64
266
218
58
265
27
193
136
177
272
297
277
223
152
24
211
134
90
68406
184
243
243
214
131
101
90
3375
239
83
210
226
278
40
59
284
163434
80
263
105
124
4405
122
158
299
293
244
156
205
178
283
267
298
107
230
82
253
285
2598
71
110
2763
278
3729
24
32
267
181
201
1083
67
89
3203
90
190
51
156
222
30
278
297
66
4061
160
2279
290
40
171
217
12
47
206
108
253
175
268
5
2847
112
21
168
205
195
154
133424
140
237
233
19
208
142
210
165938
3984
13
94
21
86
84
11
1361
10
242
156
3004
186
97
132
103
215
128
101
143
299
32
235
218
4485
244
204
221
182
210
297
264
69
245
241
39
59
140
38
150
238
150
188
19
184
290
96
145
4830
11
205
26
281
173
217
106
150
245
194
53
284
235
186
119
74
64
148
101
21
42
292
218
166
169
262
180
268
216
108
280
192592
234
67
8
16
180869
66
209
228
59
206
189
4995
244
3200
187
251
212
172
202
124427
113
1590
125
88
275
295
49
299
66
59
163
297
197
104
240
4890
294
299
31
218
71
6
236
298
123
4483
5
116
257
19
145
252
67
165
94
161
172
118
755
103
215
8
174
75
290
3243
58
1204
197
87
278
37
201
279
253
254
49
70
285
238
11
110
120
145
174
227
156
70
32
127
58
62
43
237
2293
150
90
102
241
100
241
68
97
197
144
116
287
172
16
278
24
97
202
165
202
88
275
1447
291
232
62
199
60
3959
292
83
183
286
231
260
177650
259
61
193
190
149
229
119
128
3218
198
189
196
255
91
164
84
75
124
230
259
187
232
254
21
197
4970
175
286
241
169
191
65
246
39
88
71
932
196
236
298
191
251
93
245
247
135
97
201
109
143
243
294
254
81
86
141
260
238
132
214
159
322
267
187
227
25
222
295
35
37
74
80
225
87322
136
69
113
18
92
115
41
80
44
128
45
184
106
66
4207
78
118
118
284
154
296
214
4025
128
91
289
157
128
126
128
232
59
185
199
277
194
148
248
125
225
631
129
137
160
193
259
92
249
280
170
73
267
250
110
1739
224
10
208
11
83
128
189
101
106
12
3028
143
66
60
231
79
300
64
132575
116
90
227
275
261
65
92
113
54
177
272
276
274
120
18
225
44
30
217
150
37
91
146
265
292
210
4343
240
233
40
204
116
86
84
57
256
294
249
180
288
75
202
254
65
234
110
235
48
133
168
194
97
247
223
934
202
122
261
19
23
2710
2705
299
181
22
49
269
56
239
174
243
222
87
83
1744
4762
144
216
202
44
124
223
211
12
84
110
212
67
4185
148
619
19
73
175
143393
79
107
28
19
17
240
57
111
142
34
28
15
246
70
3291
16
166
197
111
139
199
207
174
140
148
260
219
294
149
178
198
203
190
224
34
258
56
173
241
290
141
273
169
96
111
137
190
171
291
23
172
177
273
50
229
116
138
139
47
34
270
261
71
214
109
112
39
5
166
194
158
65
252
98
95
47
203
172
48
17
87
1073
246
174
219
38
298
158
201
245
225
41
285
280
272
147
205
97
230
170
271
22
103
141
103
277
103
284
3835
49
608
118
145
5
126
250
121
134
17
52
133
162
60
73
260
84
243
170
52
219
147
295
294
159
149
198
68
3651
108
193
4854
173
255
158
158
21
922
103
1543
29
286
149
297
243
45
10
195
169
59
244
1960
148
7
32
192
258
266
119
242
54
226
2311
2193
255
239
70
67
180
69
14
147
120
80
224
190
71
294
154
262
151
266
91
227
286
55
40
213
150
29
65
204
25
185
207
172
34
139
114
1703
281
103
195
443
215
84
122
22
293
113
183
198
146
59
78
259
148
188
268
136
118
134
185648
264
107
243
24
228
4025
184
65
65
148
114
116
17
8
105
67
245
204
71
262
126
75634
186
228
130
222
49
271
188
205
158
296
114
294
160
86
104
2789
35
271
246
89
89
26
273
43
102
275
188
2600
152
1330
239
85
233
133
205
300
146
87
93
281
107
2100
87
295
443
58
30
166
260
263
64
49
259
40
857
229
257
127
259
280
69
97
138
202
126
157
207
187
110
270
146
233
45
42
148
60
128
90
104
2055
218
117
52
268
177
13
295
232
225
21
199
252
114
123
45
276
8
192
240
2248
242
175586
31
150
163
117
43
108
218
130
240
261
163
63
247
271
10
276
89
167
153
127
147
116
47
49
28
282
298
3255
171
1812
12
120702
24
25
138
99
26
239
281
26
35468
137
40
296
68
46
277
270
102
96
179
2395
293
121
118
138
51
144
197
145
224
19
9
110
150
144
125
131
12
4366
33
94
242
99
233
63
25
183
261
129
24
75
1440
1928
69
202
58999
167
297
95
155
277
28
135
10
255
232
69
212
233
167
216
239
267
121
653
195
153
229
196
337
4974
1646
169
169
181
242
191
137
245
63
158
52
217
264
134300
27
177
210
4177
144
291
56
194
239
4817
142
19
109
26
75
96
199
76
275
123
4378
83
107
236
51
157
297
253
2259
297
229
13
24
141
27
205
6
35
294
202
239
53
110
35
54
113
44
103
127
27
420
25
189
198
67
19
278
826
188
173
216
29
240
244
241
195
86
22
298
279
246
88
56
158
55
252
170
245
41428
181
101
120
12
40
90
77
3710
38
133
241
40937
14
170
56
198
282
32
223
123
118
292
289
255
189
12
184
262
232
284
244
174
223715
2866
91
49
3691
123
163
4794
196
26
33
256
270
266
176
139
63
294
221
183
75
272
133
2689
227
296
222
2851
272
31
73
3759
164
145
85
225
109
164
31
13
141
236
238
28
233
34
211
275
219
35
192
233513
150
243
136
269
3228
246
257
227
120
9
209
267
226
209
245
60
53
246
26
110
4639
84
283
23
172
38
68
5
228
55
282
164
120
11
295
4789
104
261
130
43
247
107
173
200
89
294
14
187
263
207
97
191
162
3704
4610
296
151
207
191149
172
93
17
240
283
13
159
291
139
134
268
25
152
93
77
156
266
294
4189
209
275
39
268
105
73
35
208841
85
275
3784
1267
41
142351
219
84
262
128
123
16
37
268
197
172
226
296
33
157
296
37
49
200
132
230
80
74
282
251
2748
118
38
36
276
294
228
52
2303
294
95
200
39
69
220
216
159
20
258
80
174
2285
213
93085
223
98
80
7
182
462
276
264
205
112
127
291
163
143
282
66
195
230
228
270
200
76
128
157
230
83
15
34
154
113
249
51
291
20
205
27
88
155
73
4218
282
163
2236
246
69
74
208
65
129
144
114
222
42
71
62
454
127
31
111
105
154
100
178
140
65
208
191
252
167
150
152
183
35
30
240
497
300
10
168
217
1634
38
259
2211
15
212
74
193
51
85
103265
111
74
296
104
290
279
64
126
213
190
46
71465
204
188
43
73
1767
29
6
162
280
46
158
201
2222
80
297
67
147
2666
248
131
196
174
119
76
258
75
58
285
109
105
75
41
291
49
254
283
1821
25897
1805
219
53
292
135968
194
210
101
171
290
235
267
225
271
4033
20
20
107
207
289
48
37
111
182
234
229
89
8
191
186
138
89
282
205
1470
261
165
282
248
87
274
4198
109
152
199
244
144
1318
59
3192
252
180
139
156
88
215
54
101
177
255
138
4430
20
30
299
19
249
187
101
241842
67
284
129
283
228
296
48
81
7
22
4830
55
47
86
251
79
71
291
297
22
95
52
78
259
187
203
3299
239
227
75
288
69
198
32
224
30
14
50
198
210
282
278
25
74
114
184
2460
183
213
152
125
248
233
74
261
66
206
207
217
63
33
124
161
139667
6365
138
65
85
242
247
254
115
290
154
173
251
239
25
150
285
67
173
148
10
144
192
228
130
258
236
6
127
196
276
145
218
260
182
3654
49
1278
78
168
277
259
19
164
4090
39
1491
233
21
232
99119
165
161
114
246
3647
174
39
229
266
288
280
198
225
30
71
36
193
162
253
19
192
242
221
265
175
36
231
148
168
191
576
210
159
40
4029
78
252
242
64
207
203
194
131
136
202
83
93
146
255
298
151
62
11
1302
135
2072
236
164
184
198
130
178
4265
247
141
289
60
234
3491
180
19834
125
92
30
276
13
271
37
153
212
138
12
73
36
167
8
220
113
181
80
108
134
284
90
96
236
297
266
154
96
217
23
67
83
74
127
2490
97
22
261
207
74
211
102
34
87
28
182
160
129930
129
102
26456
99
269
18
118
215
28
239
239
33
53
32
75
2312
200
236
129
284
167
129
86
16836
280
285
253
96
152
121
240
272
148
24
265
86
4269
60
1705
186
24
72
81
290
220
257
41
239
59
53
136
3285
187
65
104
292
126
180
32
239
87
7
143
68
258
164
211
216
295
150
161
48
10
72
137
282
2562
287
49258
150
595
170
889
42
14
137
158
225
13
175
192
206
84
235
81
213
171
168
255
236
21
45
184
96
234
61
60
175
164
100
171
274
235
143
207
191
275
16
58468
48528
196
89
293
89
61
93
36
2636
52
256
259
32
182
60
275
269
279
101
97
140
276
212
258
267
179
4928
205
31
285
144
66
19
63
224
225
100
214
1051
1045
150
103
28
76
195
36
178
81
4519
69
296
61
205
130
101
77
56
50
90
113
205
87
217
7
270
166
246
255
228
300
109
253
129
2738
145
274
5
131
49
235
193
37
292
228
52
250
167
220
163
275
165
140
202
136
162
266
250
25
178
131
234
261
117
206
194
680
527
176
179
236
199
2950
82
247
3867
163
246
209
164
119
2453
98
228
148
12
3786
55
248819
65
287
272
225
143
242
228
94
241
284
54
186
53
123
21
282
205340
193
192
201
151
1365
82
220
236
199
26
3758
81
63
97
145
300
1774
15
195
65
40
210
77
251
299
1405
2158
95
170
160
118
210
235
85
157
272
133
120
228
102
141
289
67
72922
291
155
130
8
77
3005
47
17
277
175
12
300
4568
103078
296
214
169
142
2351
116
124
210
8
127
218
33
181
280
283
218
268
37
56
131
88
148
226
66
109
210
286
253
255
77
32
206
103
265
166
134
211
168
238
215
134
1350
167
1190
88
135
270
548
79
182
175
44
237334
169
297
237
75
3093
47
186
160
109
211
113
81795
291
95
156
586
44
166
186539
150
133
275
3378
34
171646
202
169
221
202
46
183
269
146
51
149
93
203
6
300
15
208
24
33
143
232
251
261
76
2536
100
84
122
285
263
4705
294
58
50
78
2871
59
272
251
99
173
104
193
3443
25
86
180
162
199
74
60
185
117
19
107
3443
222
246
3226
118
9
223
50
186
179
214
4304
112
7
123
41
47
124
73
222
50
186
160
275
107
255
86
63
125725
66
10
248
155
254
294
295
175
3251
66
108
116
45
252
25
197
113
115
285
138
157
99
10
141
281
41
120
2331
269
196
107
261
153
104
154
1196
209
198
141
32
282
196
238
228
242
190
175
186
136
122
296
10138
94
191
26
50
56
44
298
3039
237
248
174
3095
169
184
279
88
170
113
278
107
4172
175
250
180
176
51
115
127
233
106
254
76
186
96
191
165
3795
30
79
438
49
83
18
276
161
297
48
169
251
285
203
34
184
182
158
39
287
139
239
280
771
176
2999
132
143
247
272
263
157
134
293
238
32
219
234
270
117
19
130
32
63
205
60
100
54
290
293
204
179
42
143
2330
180775
149
18
269
209
292
192
145
205
192
106
135
7
92
63
76
239
1691
103
118
139
196
136
41
180
274
149
25
281
294
4457
152
120
18
171
13
294
237
68
257
98
79
281
255
32
179
93
63
31
80
68
255
73
256
217
128
300
16
276
162
106
230
277
184784
158
336
50
270
228
31
226
275
220
178
5
176
756
114
237
11
260
237
295
43
52
266
258
261
262
280
200
154
7
188
124
115
2452
68
166
292
153
254
162
277
23
52
26
145
149
206
59
130
253
280
20
96
6
9
1808
230
120143
170
46
136
130
75
149
1981
43
218
136
288
21
165
173
225
77
108
287
77
146
79
610
145
192
271
80
161
176
14010
106
853
117
210
78640
32
97
153
264
236
89
125
24
139
123
62
90
140
19
34
110
199
2584
95
227
46
53
136
47
154
261
186
92777
127
145
273
76
149
209
289
140
31
96
286
208
46
13
291
118
242
288
82
20
84
204
70
59
280
59
219
45
220
267
144
233
143
221
109
174
273
272
172
82
124
215
74
674
86
95
134
210
185
210
48
67
198
288
173
2608
31
227
13
230
32
55
75
224
288
195
292
194
142
121
3393
246
126
292
249
157
138
292
93
46
219
290
235
69
1332
258
214
115
194
87
88
177
2425
4690
4592
3758
178
262
102
205
300
149489
103
225
1461
46
144
208
186
75387
93
296
171
90
69
196
6
257
75
276
183
39
136
205
2140
207
118
78
166
216
203
174
165
105
20
199
232
206
8203
13
32
225
3716
84
190
91
215
197
137
103
254
153
300
67
120
126
4948
167
94
212
278
136
82
98
211
132
70
46
78
282
48
83
107
206
44
102
257
25
135
62
75
82
88
210
32
36
257
225
237
77
16
183
154
242
98
295
233
227
250
87
184
39
286
289
111
46
156
213
121
228
115
157
145
134
291
242
2679
26
63
253
178
229
180
287
213
23
156
236
84
4790
134
119
118
21
98
107
254
9
50
4418
20
265
148
65
203
881
76
117
56315
44
99
54
57
204
21
176
3403
92
127
150
81
224
83
282
80
245
231
212
61
50
105
193
43
25
116
3591
44
1108
288
222
75
197
107
109
261
140
186
157
157
156
37
123
7
228
224
37
195
27
85
256
4685
292
73
234
26
236
213
217
144
5
258
12
288
104
80
120
23
123
137
280
68
198
181
77
114
223
222
120
64
245
107
175
251
251
187
18
179
114
132
4500
97
833
207
163
272
85
216
211
124723
179
3994
263
110
156
234
111
270
151
202
229
197
6
25
230
253
221
74
82
276
8
110
172
273
277
285
115
204
60
3371
212
23
230
231
175
121
93
1446
43
573
20
209
104
17
179
217
286
183
81
213
278
120
117
140
4524
167
171
56
171
52
294
137
64
235
115
249
176
106
438
246
136
80
261
53
126
263
265
1737
2162
156
256
53
220
55
24
20
16
73
236
195
145
166
291
273
68
242
4486
423
290
272
176
1108
243
279
289
84
6
11
270
77152
214
4033
1710
175
226
240
248
242
187
252
52
9
220
77
601
275
58
26
267
203
80
115
244
270
85
85
110
2583
15
118
177
254
54
86
155
168
144
75
168
141
257
198
174
203
214
187
279
71
152
104
76
235
66
4387
1405
223
142
84
281
38
233
170
70
283
107
195
1567
27
27660
84
47
145
91
294
251
294
164
272
288
55
75
186
174
295
120
33
19
32
213
27
126
47
274
4445
90
3520
52
274
11
32
80
125
3425
35
145
129
241
154
202
298
204
184
274
29
19
76
163
181
247
98
210
231
4294
137
288
200
118
143
171
60
233
269
275
76
163
230
196
268
61
4940
188
202
296
79
198
11
210
239
128
179
177
54
17
187
149
115
190
191
145
156123
114
250
82
82
257
156
46
176
100
198
82
299
25
59
295
280
124
94
185
79
18
137
77
209
58
112
1483
129
163
193
109
100
137
77
188
146
92
134
4256
91
137
85
189
198
24
296
197
40
14
213
77
9
186
156
176
106
50
214
267
23
148
129
6
163
24
115
180
158
277
189
143
3115
258
203
53
241
4691
222
149
279
155
62
12
71
191
255
62
293
255
164236
113
238
145
173
18
297
39
111
224
1721
78
211
2926
7
114
189
201
31
76
98
272
182
34
181
64
54
246
242
265
87
121
159
114
221
166
224
136
267
291
288
193
4392
236
142
6
209
276
102
80
185
177
120
185
297
14
183
172156
4607
128
57
169
263
179
262
11
7
284
104390
214
121
40
255
222
147
229
30
43
214
122
29
108
1643
172438
10
214
231
268
154
58
245
114
16
392
228
260
143
62
262
195
99
40
205
28
304
93
124
76
132
40
151
125
260
174
2855
85
261
155
263
213
283
8
1282
93
34
48
217
28
64
49
269
107
297
251
278
51
43
211
48
24
29
242
227
46
28
63
149
204
283
123
70
164
140
6
82
251
148
236
867
173
6
188
151
294
129
171
246
63
241
299
86
20
120
25
110
28
56
110
297
124
139
93
12
107
191
3088
288
6
34
19
266
148
153
55
1762
207
2685
207
234
223
3103
42
211
126
91
243
68
266
300
123
219
4242
254
129
129
165
2284
293
248
4943
199
72
74
76
21
73
190
4797
202
281
176
245
228
198
257
12
74
279
58
124
17
251
248
151
212
55
245
170
251
120
193
175
182
289
167
1963
1463
159
15
3220
13
163
65
37
261
52
251
273
26
160
299
196
16
105
54
237
206
63
175
276
257
263
288
244
192
174
197
107
16
235
63
142
216
297
77
118
287
197
244
20
194
254
85
24
75
183
1226
236
294
239
4096
64
216
215
106
159
256
161
280
249
289
183
143
42
111
214
222
298
178
45
260
240
226
278
47
100
132
192
181
3085
143
227
73
262
51
227
253
269
33
50
20
4385
166
139
244
67
253
28
155
138
266
64
232
22
184
60
282
3238
109
169
4855
214
29
122
221
244
274
188
96
49
545
64
181
125
604
103
139
289
92
2595
223
245
261
48
104
257
57
263
239
267
147
239
149
169
250
66
254
249
185
42
219
47
30
240
108
42
85
283
167
296
203
226
109
72
292
156
272
266
255
176
270
166
24
68
156
23
175
130604
283
74
48
73
263
294
132
154
3505
49
14
1599
35
94
89
277
17
4633
129
136
5
1564
12
291
56
164
1592
199
122
121
149
70
151
61
280
221
263
211
228
48
84
86
17
210
113
139
168
13
258
268
204
294
25
170
238
69
40
142
251
99
57
110
46
286
245
244
20
228
84
115
300
124
267
239
201
27
264
168
132
127
112
168
92
107
4259
137
93
4894
143328
155
119
300
224
251
49
269
183
29
214
274
137
76
144
201
190
4230
41
5
13
251
179
115
93
34
297
13
142
199
241
253
157
286
299
6
158
182
53
146
258
138
249
200
123
218
100
151
259
21
238
134
140
1281
282
179
169
231
181
168
217
42
129
88
296
190
247
76
270
275
230
192
209
157
254
48
116
1586
228
95
811
85
3964
34
33
113
134
112
249
235
73
139
267
122
260
235
260
129
42
16
160
54
162
161
28
90
51
220875
242
174
149
55
244169
241
142
81
260
154
251
26
71
131
109
51
215
211
244
83
278
165
69
3187
96
163
239
3238
122
44
186
179
55312
210
289
259
225
291
226
72
1220
62
22
49
232
286
156
3242
101
81
160
263
75
41
197
13
52
91
76
59
121351
19
254
57
103
64
160
256
63
181
5
118
119
287
114
209
125
26
138
162
140
163
49
239
252
207
101
229
236
229
84
45
214
232
255
272
164
137
23
191
227
85
1755
275
1022
58
288
102
154
61
111
222
2745
239
3469
126
109
270
45
253
118
268
172
140
75
12
172
198
102
50
300
138
213
151
284
59
217
21
168
74
248
248
110
271
22
164
108
24
126
148
238
31
159
100
808
3143
235
105
133
123
149
287
98
198
274
238
282
1294
35
246
173
116
272
49
70
265
148
199
101
205
290
275
201
242
130
4421
172
99805
3242
155
179
3348
226
169
113
64
88
203
125
154
12
244
25
40
206
115
221
215
320
265
117
191
89
125
46
40
197
243
41
86187
178
27
240
95
77
236
37
168
87
122
233
288
28
267
117
167
161
152
184
113
247
132
155
239
133
287
20
223
1212
265
131
63
84
78
75
256
147
168
237
96
93
210
542
97
198
223
90
57
201
24
136
909
105
1259
156
166
3942
70
35
93
32
172
49
4026
30
200
117
64
61
48
61
31
2900
87
215
72
254
140
14
155
167
171
249
284
286
220
48
121
112
4044
206
2560
223
187
257
231
132
282
152
236
4681
77
57
4152
272
6
194
4089
164
209
252
51
102
87
22
129
194
3979
46
14
183
129
2637
200
100
199
130
177
276
85
157
28
80
241
3604
648
298
160
48
164
129
30
96
149
188
293
163
133880
131
124
241
542
1725
243
3807
77
224
4457
117
138
160
4355
62089
4966
201
131
1033
1904
4135
28
136
130
183
205
3786
294
56
266
270
115
283
77
89
105
111
280
33
60
165
280
4988
15
108
49
122
84
48
132
79
19
235
280
55
32
95
138
131
2938
198
448
268
7
120
96
145
1870
2703
126
37
65
250
132
161
22
249
228
104
213
292
56
207
4171
186
287
259
195
244
128
65
158
7
267
238
154
39
251
22
65
195
170
3494
241
288
114
58
73
95
109
230
258
179
151
102
147
292
215
165
41
277
264
39
299
183
138
291
152
181
273
43
105
15
267
188
124
140
207
74
101
106
187
28
220
21
223
2052
247
12
290
2498
117
113
217
151
83
3813
197
247
138
86
168
78
264
23
64
297
238
270
14
33
125
274
223
254
67
182
10
180085
61
52
2384
104
131
223310
291
210
34
239
82
216
296
5
204
80
145
126
202
3387
105
88
195
290
153
148
153
147
183
34
112
87
1256
45
176
298
1708
17
178
215
216
152
3106
144
13
50
150
122
126
19
264
160
3533
215
1338
70
2249
232
157
143
227
283
50
70
279
238
13
126
280
205
1508
127
23
151
44
9
149
55
135
174
51
167
242
81
4216
219
281
240
17
4942
143
223
175
87
4961
95
191
184
225
263
13588
194241
205668
131
179
2752
37
278
162
286
65
3119
9
119
3906
300
199
294
48
105
260
121
50
89
17
130
75
193
143
255
137
93
152
59
4278
2476
4487
221
196
242
27
232
407
167
296
98
116
3361
174
76
168
217
27
242
145
2632
211
148
45
36
816
29
39
109
44
134
14
205
239
84
3634
107
64
159
244
196
192
178
170
261
39
263
133
52
123
160
186
58
175
245
266
126
233
257
106
1822
65
241
2484
206
287
174
140
257
105
189531
237
275
189
207
1280
75
184
17
249
97
44
27
214
298
82
122
225
3915
203
159
13
143
53
5
2859
46096
52
215
39
3381
181
238
207
4381
135
244
262
7
123
45
17
255
168
232
105
117
80
181
59
68
232
247
187
150
133355
55
198
197
1376
18
119
257
250
190
286
2794
75
206
158
87
212
256
57
204
13472
199
19
223
18
88
1876
1395
174
171
230
196
115
157
282
132
173
23
194
32
90
148
278
280
46
274
118
219
64
113
129
237
277
28
276
3182
99
58
69
145
166
4558
178
81
129
3935
37
227
165
285
243
51
2797
93
139
98
283
30
31
112
40
148
4111
95
220
255
270
276
95
181
144
278
144
239
171
161
135
228
92
81
28
154
156
158
247
270
170
164
133
236
261
102
49
120
1119
231
53
234
107
74
286
69
34
10
119
13
21
242
248
1699
104
119
261
118
146
186
161
152
207
83
77
97
36
85
15
180
103
119
103
141
103
1372
22
4042
93364
79
103
282
292
61
259
169305
125
11
111
1816
226554
198
103
1836
157
67
107
274
100
3940
104
95
223
265
252
20
26
211
279
92
89
35
79
78
57
4709
191
55
147
181
247
5
297
160558
133
179
223
242
44
28
158
36
148
218
72
201
279
140
128
8
297
97
159
145
223
192
108
33
74
108
272
34
3001
125
191
40
243
268
293
204
123
191201
148
70
266
129
282
148
367
1565
2296
66
14
123
89
194
174
1058
41
127
128
15
65
111
175
53
258
51
116
71
236
186
292
27
150
267
18
294
25
97
33
49
244
52
195
189
777
216
56
258
4543
142
167
819
47811
187
118199
5
66
67
3771
47
881
263
196
92
96
202
54
229
105
217
218
298
250
4383
118
259
103
140
139
294
150
4515
1076
138
9
47
216
197725
224
209
90
11
4386
1521
24
222
242
48
222
218
96
205
102
119
28
2019
61142
263
77
241
36
209
15
102
267
149
293
60
224
2540
196
222
50
44
221
23
141
112
3604
183
4242
272
129
74
275
214
230
218
9
117
283
63
272
137
225
267
99
143
202
190
257
23
278
281
284
22
145
2305
146
4466
160
261
242
287
98
33
114
97
166
132
272
173
216
13
192
219518
202
153
159
172
271
251
183
162
198
195
159
263
209
278
91
193
133
10
143
2167
32
157
293
40
87720
224
149
223
94
509
278
272
118
21
261
123
265
152
149
107
276
4258
285
27
38
148
88
795
243
51
234
140
259
219
100
82
339
89
241
128
103
288
73
44
11
291
182288
1814
48
202
38
240
254
44
165
234
185
11
319
167
274
158
1399
13
238
208
152
288
256
160
84
257
223
57
258
227
73
266
145
86
125
166
274
60
49
217
101
27
60
232
78
94
41
106
134868
298
172
265
4395
188
91
84
180
245
200
1955
236
194
189
284
52
179
20
151
54
297
200
4060
40
19
108
222
197
180
184
235
9
272
235
58
144
148
256
248
167
189
171
109
156
100
231
21
69
253
34
56
18
238
167
47
9
222
221
9
217
106
60
109
188
67
196
85
131
26
71
91
62
268
139
248
26
186
144
218
219
169
2098
44
139
79
281
175
169
160
102
283
158
129
200
137
148
199
384
141
114
23
98
168
298
39
213
1269
121
236
100
296
186
196
817
111187
242
290
78
80
3413
162
141
36
280
244
231
128
3213
7
178
272
210
222
274
67
188
115
83243
186
3741
198
48429
235
128
134
153
100
242
242
174
256
247
146
147
102
190
97
161
82
18
4055
242
158
115
7
97826
81
222
98
205
156
4033
240
3819
220
62
229
26
164
283
127
58
136
272
109
230
116
231
98
189
33
201
249
4054
169
99
218
61
129
129
88
18
120
218
248
123183
166
116
223
162
30
234
252
275
110
142
48
37
123
88
212
184
3047
57
36
57
44
278
221
217
195
217
10
207
264
250
67
97
5
89
180
178
64
119
198
274
298
137
241
208
96
280
87
182
49
169
211
251
173
206
4142
115
106
240
98
165
178
216
280
203
61
95204
245
2689
273
52
141
5
235
142
99010
84
185
281
240
1999
270
5
23
282
107
77
217
292
289
151
150
129
206716
135
87
8
38
165
97
45
171
289
2089
26
24
275
68
265
125
147
38
47
259
55
174
137
27
290
270
171
255
4519
296
106
65
19
220
88
181
281
58
48
174
33
84
70
187
23
276
163
218
52
256
1232
263
82
231
67
202
255
133
255
242
74
265
133
129
133
167
249
147
70
220
287
106
3812
218
58
162
150
55
41
298
237
214
17
298
68
274
111
119
295
30
176
90
247
215
410
87
108
145
77
79
51
37
25
136
289
194
42
4637
296
241
66
129
97
136
157
260
251
3862
40
246
77
5
204
270
44
131
168
131
64
64
87
114
116
2728
78
154
168
176
192
4855
1932
159
269
162
264
59
25
274
71
227
279
177
206
162
110
201
177
298
33
215
255
177
111
153
273
82
227
137
29
86
273
3986
97
141
294
50
162
82
75
290
71
160
186
243
12
179
112
75
113
203
17
109
137
3996
237
221
76
252
144
249602
144
255
41
221
58
230
7
220
237
71
266
42
157
202
83
102
112
3075
97
138
138
110
287
32
1680
1821
181
165
139
1602
275
4989
172
197
228
136
223
256
218
8
34
243
167
5
3224
295
157
132
2502
265
132
209
261
89
221
85
220
248940
2432
83
4853
80
271
37
6
241
265
17
33
207
272
273
243
29
191
234
50
255
262
294
130
158
63
208
286
267
59
172
102
213
85
39
118
177
92
187
18
251
288
251
2340
261
188
154
181
197
55
239
153
254
23
2092
42
82
264
136
27
271
252
280
296
214
299
160
4558
248
71
225436
9
231
120
13
149
281
9
102
223
67066
36
245
262
264
1000
208
44
13
192
128
220
167
262
119
115
271
223
97
143
241
54
238
208
145
1279
51
245
111
146
107
89
258
299
285
205
611
219
23
74
276
78
137
117
290
32
258
125
177
256
274
279
13
49
127
241
169
211
309
109
9
184
111
69
529
231
83
162
1370
134
62
42
17
127
233
185
124
40
221
179
122
39
223
31
72
216
172
189
245
92
1644
96
178
209
227549
266
296
196760
7
136
247
1094
29
174
37
91
208
58
124
156
211
211
267
18
242
217
238
285
210
64
68
87
284
241
908
4173
59
34
171
28
271
127
173
4474
31
221
240
255
297
79
101
130
284
134
185
222
99
200
92
210
2993
83
187
19901
163
4018
47
61062
270
14
11
45
258
12
25
408
23
287
101
47
93
150
250
214
55
132
79
63
276
76
186
61
239
191
220
209148
21
164
3534
304
43
183
236
165
79
130
27
110
76
202
39
219
262
168
63
1752
191
178
70086
170
286
63
1396
178
300
92
167187
22
171
27
27
52
1469
231
3903
130
204
247547
153
116
194
208
292
25
34
37
279
273
225
170
4120
219
234
17
22
42
38
23
70
255
97
7
34
147
158
25
4558
203
277
4242
197
89
79
106
39
153
64
236
58
235
4767
115
270
185
65
155
247
163
321
243
291
258
294
146
104
225
85
58
52
261
76
78
13
4178
95
72
280
162
260
2492
269
300
143
114
337
201
9
120
45
58
1386
32
15
287
150
216
276
41
117805
161
177
78
198
3099
71
128
54
62
71
69
68
222
41
286
4547
54
226
179
64
104
77
146
190
125
176
165
271
248
2576
11
35
29
184
28
37
41
128
32
8
256
96
83
128
115
225
50
114
117
194
222
242
126
3788
144
111
248
251
126
131838
178
25
221
43
179
4240
14
273
113
70
105
150
29
294
117
2732
196
1075
53
53
60
224
100
4366
216
80
176
265
167
107
96
272
292
271
211
252
214
8
264
250
52
220
270
207
125
260
109
1302
3180
56
27
240
151
99
181
292
291
53
70
44
2920
256
265
196
200
117
210
189
3265
230
232
64
4276
182
10
111
246
213
24
63
283
253
38
52
12
172
169
79
74
219
131
139
49
74
188
78
297
207
132
73
14
4307
171
2877
118
47
34454
284
210
225
34
144830
252
264
221
175
95
258
7
188905
154
77
296
65
11
34
71
81
87
94
52
258
38
127
26
255
137
82
2717
250
39
195
247
5
90
58
251
199
279
160
169
53
24
177
263
235
209
119
116
43
90
2610
249158
96
119
210
32
37
123
300
215
31
1458
63
3999
159
5
282
264
1621
265
4928
202
52247
169
16
299
190
127
18
37
115
1645
172
593
107
278
101
128
123
300
250
81
28
128
70
78014
293
67
77
274
95
32
65
281
250
233
2644
214
275
85
99
245
143
441
152
179
177
175
14
39
85
230
41
70
1158
101
223
164
272
69
77
360
299
176
150
242
24
77
65
42
288
40
262
55
247
288
275
86
55
191
254
171
197
145
258
139
115
244
265
216
1306
163
263
286
197
299
644
191
169
141
127
270
30
272
66
21
135
64
123
46
254
102
259
144
274
105
188
47
20218
266
57
62
66
214
114
53
111
68
39
258
169
62
281
175
13
206
46
209
174
2763
58
152
268
101
222
90
248
164
193518
66
18
221
127
80
135
126
255
249
97
285
226
127
234
168
91
73
175
192
145
262
151
94
292
155
138
288
73
128
168
255
189
67
17
226
22
1325
167
300
45
13
144
65
27
5
55
240
246
293
138
180
213
61
113
190
676
17
212
237
256
3385
63
72
139
223
234
19
250
120
135
44
136
31
37
8
110
82
108
147
269
101
169
195
15
220
121
213
202
19
4858
155
287
105
83
206
256
132
2342
132
89819
255
115
193
249
253
94
4438
68
297
4756
185
40
267
1364
100
250
240
226
30
196
161
248
278
269
58
26
127
17850
93
220
7
3926
235
22
10
155
150
194
257
53
132
231
6
207
103
16
23
280
230
223
296
211
180
180
83
21
170
50
223
197
289
34
155
226
271
126
58
142
190
284
184
283
260
165
80
11
752
250
164
140
88
296
227
8
231
188
46
260
247
232
110
39
265
10
72
67
172
133
204
259
298
17
158
238
135
599
142
11
116
246
243
60
189
177
154
39
221
100
229
107
33
241
236
2261
55
116
246
160
270
290
177
291
200
40
13
87
97
155
99
54
268
91
214
64
189
124
238
394
120
1137
177
86
85
245
217
25
164
84
31
232
1699
89
56
108
62631
111
237
70
275
245
30
44
274
115
286
13
215
246
216
102
37
42
216
120
213
27
90
213
258
64
251
488
131
287
96
199
59
151
3783
222
1078
249
108382
171
5
82
259
163
201
286
153
163
14
252
116
162
81
152
270
86
173
148
225
119
173
80
236
137
279
72
115
97
3954
224
72
43
253
178
6
268
164
121
286
143
28
268
271
140
280
237
171
1699
1675
112
2795
104
254
53
184
25
177
72
90
279
8
258
284
68
4762
291
254
215
35751
196
227
69
264
43
222
124
252
297
122
210
295
76
101
98
218
212
155
250
179
134
149
77
292
138
263
66
223
4294
145
155
119
262
14
127
184
101
181
50
52
14
52
27
109
38
30
1281
237
137
52
165
182
235
175
126
258
289
269
146
183
170
2035
143
180
56
294
205
25
160
247
7
159
24
53
3161
105
137
2894
105
287
97
195
121
278
135
238
208
190
206
226
994
217
224
269
217
276
37
67
153
238
211
287
47
105
46
229
162
58
201
188
32
257
201
11
280
122
129
282
150
126
3406
278
140
93
187
180
186
65
11
75
205
21
256
173
223
3504
17
135
55
225
91
289
54
3384
2518
103
106
284
213
282
50
240
35
189
93043
284
243
688
292
122
2247
225
184
19
199
203
144
4211
5
257
69
34
299
108
768
211
30
86
17
182
237
263
240
225
174
299
11
177
170
52
175
74
197063
269
171
21
3713
279
50
153
258
81
20
106
56
178
54
194
120
66
286
237
3204
175
37
172
2706
70
1638
850
236
3430
237
291
147
35
10217
10242
11156
142529
236789
233475
298619