32
283
79
150
202
100
1764
126372
62
283
123
294
222
298
150
121
285
194
254
180
141
264
16
25
91
277
26
99
102
64
200
121
3928
37
41
52
155
136
90
67
159
106
114
2991
190
35
286
132
94
22
69976
125
200
187
230
174538
222
195
7
130
258
156
2655
129
19
127
194
222
122566
66
61
251
30
2620
51
49
294
229
196
216
61
295
156
60
4647
4619
1564
231
27
297
18
93
155
158
6
254
579
295
261
275
184
165
253
129
8
4059
987
296
226
199
4465
40778
223
96
197
141
1878
212
280
71
2364
208
257
8
175
286
2828
220
285
217
103
178
161
202
147
54
35
218
157
137
28
467
199
234
162
126
56
289
237
197
40
50
151
40
182
18
91
126
193
30
191
259
233
6
1327
59
142
79
3000
204
134
295
163
175
66
270
125
128
86
91
150
289
129
245
146
125
278
69
82
242
297
190
665
870
62
215
3398
182
40
141
54
3679
1120
56
289
116
19
149201
274
153
1536
150
26268
76
86
33
4302
206
284
20
148
291
241
264
228
238
131
165
167
228
177
125
190
283
273
149
293
79
237
149
4330
250
3082
1127
292
173
152
18
66
242
202
206
99
279
269
282
220
187
40
85
25
240
195
72
72
45
268
43
289
195
104
36
132
272
100
1777
396
212
180
99
3487
184
157
234
37
108
16164
131
21
115
278
240
264
208
268
158
253
61
31
1162
4728
8
112
166
220
80
134
199
126
243
258
135
26
94
82
215
289
293
240
270
11
132
196
254
89
170
88
253
48
196
118
22
244
241
139
123
209950
142
20
25
76
241
272
141
273
293
281
251
4205
152
55
77
214
191
224
206
3619
66
1730
125
257
106
254
289
1588
201
1934
168
48
139
17
95
38
18
170
299
181
233
75
55
222
2917
224
97
3435
196
181
252
895
93
103
279
264
19
121
194
121
216
27
247
180
207
221
97
184
271
6
133
44
8
3994
6312
80
257
298
24
74
242
88
161
272
163
151
267
253
152230
45
154
11
182
204
125
13
214
49
52
80
82
4006
3268
220
120
211
235
299
102
9
163
91
150
265
39
204
240
165
286
270
285
289
190
294
287
173
226
238
267
2373
13320
2018
269
282
43
98
268
218
118
28
123
213
273
83
42
158
132
264
290
260
129
966
73
6
250
93
157
226
92
42
206
4589
89
67
36
179
83
193
1487
146
205
117
240
101
185
24
293
12
170
42
4248
820
212
151
73
219
78
3395
55
209
56
115
108
267
181
78
153
107
295
123
90
201
91
219
129
158
45
189
136
14
151
257
69
70
60
29
23
139
80
294
298
109
290
118
59
75
207
147
21
241
101
70
74
144
4767
108
43
229
63
245
180
105
63
203
254
195
166
150
296
273
188
2550
149
37
103
240
223
220
265
51
209
10
1960
244
218
268
209
241
184
261
4724
133
206
212
57
108
55
271
264
96
33
21
118
63
152
189
47
72
149
17
95
229
50
263
1152
2356
108
206
39
223
2025
112335
898
6
137
126
219
187
244
151
6
276
232
27
100
22
4813
73
148
213
158
63
15
2540
234
192
137
126
230
135
141
2392
156
94
207
148
62
202
143
148
4986
231
59
8
39
186
59
613
145
744
292
204
4752
116
95
275
70
194
299
294
201
36
11
239
249
135
61
261
154
4603
270
195
34
266
266
73
282
246
170
291
30
227
199
159
81
45
121
144
133
19
186
61
213869
177
210334
226
159
119
2491
211
42
87
224
210
172
19
209
173
128
19
1886
41
18
27
222
62
230
126
152
114
139
15
266
238462
46
188
42
139
239
90
20
1583
268
75
206
16
214
104
182
222
173
246
246
3558
114
75
136
276
236
142
284
241
18912
49
273
275
92
65
213
140
193
68
293
148
229
233
224
87
141
254
265
1401
207
1435
132
47
174
35
165
53
71
173
72
105
111
132
194
259
121
4922
22
40
133
4776
2498
46
32
824
48
170
177
293
71
161
264
1115
107
27
183
109
299
41
265
286
209
209
186
103
42
144
3916
127
94
145
15
280
231
182
151
227
4928
132
192
3367
185
15
7
33
30
213
212
169
259
2896
41020
95
25
75
79
3563
300
130
283
24
1990
46
206
4852
289
161
82
277
176
1608
258
8
5
226
131
151
205
290
181
34
216
160
94
275
229
37
25
288
170
119
265
280
84
65
129
107
270
199
1591
114
6
81
50
264
95
141
90
48
288
4347
3325
182
289
66
90
137
65
12
125
257
111
148
87
243
273
134
25
2296
18
146
254
149
79
26
74
3512
87
168
83
213
66
68
281
128
138
267
119
237
253
172
291
292
60
186
245
152
298
275
140
69
133
258
2033
58
154
265
295
75
83
291
108
3789
185
1229
54
203
94
221
125651
144
100
155
48
560
158
174
2150
242
146
202
229
197
2558
200
55
231
99
83
279
132
112
293
27
108
178
275
102
38
237
65
210
58
246
145
289
76
57
213
213
80
204
182
143
214
44
213
1700
128
180
176
147
37
268
184
78
56
91
60
282
242
187
142
4093
64
152
219
30
279
279
137
256
65
41
150
142
56
153
231
119
263
10
85
225
13
295
111
192
291
10
161
177
184
242
230
4626
169
235
9
199
242
45
61
34
286
70
217
38
267
151
292
208
101
34
117
23
239
59
2629
109
156
224
300
154
300
2493
195
98
127
271
283
160
47
70
894
150
73
66
4952
142
178
2650
2002
251
105
243
142
189
29
44
294
230
56
203
49
230
74
223
271
201
281
188
81
278
244
159793
278
2406
180
78
184
176
98
110
126
249
3378
45
267
5
12
9
205
130
286
147
216
51
29
38
226
210
60
283
36
290
54
1983
231
112
158
19
102
3043
886
1630
9
44
3817
155
52
111
3077
171
300
67
42
31
255
78549
86577
23
127
215
16
163
203
300
161
245
20
96
28
112
291
250
69
34
6
164
73
199
277
283
29
88728
2527
257
175
229
173
75
250
1112
10
199
169
39
181
258
148
198
112
149
122
202
62
221
120
278
133
4653
257
103683
187
245
101
76
160
265
231
89
206
37
298
106
208
238
9
3777
41
153
81
71
283
191
81
87
206
3093
239
191
61
151
103447
126
3704
118
198
263
218
291
231
33
115
75
85
75
197
1426
1564
176
57
131
234
157
36
217
232
275
245
234
220
46
50
233
215
247
150
181
15
281
275
38
27
203
255
168
62
41
112
146
120
241
238
209
554
153
239
231
281
120
164
163
296
206
66
188
246
267
46
211
10
26
286
83
194
160
116
15
140
20
25
148
68
62
77
84
233
66
229
269
226
300
186
185
260
56
92
121
21956
161
26
29
225
4924
198
298
154
176
288
288
261
1583
257
92
281
5
175
9
19
212
37
228
121
278
923
1084
159
240
213
7
75
61
207
279
211
4197
3519
101
253
184
143
188
228
263
12
287
15
56
279
164
4583
90
87
280
226
292
59
116
251
2271
266
85
175
34
169
77
74
68
80
154
1861
11
157
125
130
209
166
251
199
248
66
191
42
268
38
200
109
160
31
166
47
16
277
80
973
36
107
281
296
55
148
171
1274
224
153
242
46
76
92
8
286
68
179
204246
144
206
271
82
2239
292
233
4425
220
212
271
203
36
225
253
8
147
246
78
153
154
242
4982
115
55
150
80
99
3370
277
123
53
287
239
68
36
163
45
20
26
211
278
185
182
78
80
204
2170
224849
227
207
145
43
117
181
116
944
87
160
41
62
14
207
47
116987
170
48
90
122
283
171
192
191
149
23
236
57
272
121
54
80
149
71719
126
126
23
261
206
66
144
165
247
276
241
78
293
91
206
254
72
138
42
290
96
250
796
219
211
86
206
1121
171607
67
80
15
174
268
171
47
89
134
106
115
164
1285
246
77
37
46
209
95
65
84
225
242
170
179
134
2763
140
278
80
69
159
110
297
240
19
245
55
221
134
2708
22
96
300
68
68
30
150
30
1231
116
282
50
208
25
278
218
2906
203
106
21
202
1435
33
100
439
83
280
107
207
293
4309
49
235
174
98
261
658
174
10
187
121
259
1709
99
273
21
275
258
296
133
105
38
187397
263
259
20
17
8
178
193
63
108
39
114762
144
155
62
5
103
221
244
3627
81
223
5
68
179
204
208
102
291
257
918
43
754
249
122
17
77
270
206
93
244
2489
84
218
195
272
141
103
239
57
274
84
260
235
277
5
234
135
85
156
159
91
172
200
154
6
742
234
15
4986
224
21
197
56
225
69
101
74
144
24
173
177
119
56
200480
279
112
155652
106
156
255
17
274
154
67
114
157
180
105
17
236
74
51
196
197
175
248
135
214
165
167
135
158
211
257
39
4520
224
111
287
1447
80
271
25
225
140
150
172
167
227
299
1361
99
298
43
60
119
111
144
250
239
173
227
45
149
92
4625
169
281
297
75
134
196
272
24
106
169
85
202
250
224
3103
12
254
110
55
129
291
79
275
243
154
28
125
294
66044
154
81
88
15
3149
21
258
66
244
177
153
14
191
196
214
41
148
254
109
177
29
228
285
93
41
244859
243
86
284
115
113
109
205
204
272
135
262
162
166
4726
24
88
112
121
119
295
64
18
233
88
44
73
68
238
17
265
55
86
134
4247
104
208
205
178
38
236
136
221
116
152
833
39
222
163
286
141
48
159
217
173
143
255
162
241
121
179
239
160
108
54
22
183
224
213
128
121
3046
153
277
49
250
17
222
78
135
7
159
200
66
273
151
294
189
80
100
233
48979
228
1721
197
44
117
206
158
52
160
191
46
181
175
131
286
280
281
131
228
271
162
119
185
124
237
245
249
289
280
2702
269
178
122
51
270
176
61
44
2193
72
136
71
242
2153
127
218
56
111
142
193
132
264
71
292
254
282
267
92
40
185
58
242
134
74
81
78
23
236
21117
264
4229
64
131
158
12
161
223
227
95
137
175
4181
11
1863
17
91
286
153
115
100
55
281
249
4728
10
22
138
80
248
190
39
75
173
226
3879
49
299
20
156
101
19
71
226
61
299
15
131
58
250
84
184
193
19
8
25
3092
186
43
223
236
268
104
171
182
151
282
165
33
143
188
134
2409
168
294
250
245
220
240
147
266
230
134
153
238
256
255
158
168
176
244
1387
206
83
9
45
21
184
2199
3462
261
157
88
784
21
299
747
227
83
329
276
83
3217
167
156
98
283
125
3864
94
127
99
146
247
276
243
277
141
322
3880
144
182
1143
3622
98
249
247
216
201
40
46
214
45
280
1624
171
103
274
264
285
153
179
94
237
125
231
234
273
296
144
255
200
86
195
145
3955
176
172
97
276
186
179
127
299
31
287
228
252
3675
32
269
162
226
81
35
54
228
90385
2176
91272
170
3935
238
164
9
1362
157434
244
86
290
219
37
196
282
166
17
23
126
182
294
282
2631
125
205
189
230
149
156
261
973
186
68
19
6
242
68
90
226
217
112
299
297
241
281
274
227
246
111
230
161
3532
196
223
128
140
228
230
226
280
166
267
225
172
132098
136
240
1001
192
149
36
167
255
23
208
176
248
84
39
224
15
258
31
217
595
224
179
240
119
2647
1498
56
51
267
39
3874
65
287
239
138
286
123
6
42
164
286
82
75
53
193
146
47
3478
282
213
130
113
148
33
99
174
1385
203
104
36
220
289
161
55
300
52
142
125
289
390
246
4413
246
279
240147
267
194391
1119
71
110
100
290
295
117439
69
156
253
229
15
201
282
198
234
21
102
131
233
77
262
54
299
108
181
294
97
172
266
57
19
269
186612
94
205
113
13
180
234
152
231
291
225
17
242
145
104
191
99
148
244
195
96
245
237
108
12
137
94
44
54
159
149
55
69
247
206
3190
108
38
269
99
191
267
91
270
275
105
26
34
126
2506
161
183
297
39
189
16
188
115
127
236
244
8
99
174
199
151
903
165
48
64
189
230
2267
290
21
3224
134
63
79
217
253
189
1092
20
108
137
136
94
181
172
53
3915
145
70
118
49
143
242
59
25
227
266
215
4111
27
233
161
2426
282
259
168
243
1267
179
279
217
84
235
154
71
10
12
104
91
15
273
184
86
224
30
286
216
193
257
22
287
111
172
32
55
9
142
240
48
189
21
235
274
55
70
76
163
223
151
282
106
17
62
213
40
208
120
55
20
185
151
139
84
144
22
204
231
49
4622
1022
261
1238
206
222
137
117
41
31
89
160
2245
19
61
72
192
61
175
19120
246
61
266
203
193
37
182
163
36
212
270
57
187
112
247
233
30
109
283
123
239
244259
97
227
188
246
149
7
2790
299
202
122
80
165
16
282
15
4759
88
251
1772
217
195
154
142
4668
106
112
150
52
202
148
192
158
34326
191
458
128
5
414
243
222
114
90
158
160
185
3689
160
169
173
167
238
186
282
102
170
156
534
270
44
246
19
298
122
25
74
86
115
52
46
207
134
299
229
113
265
3135
113
244
124
292
186
292
219
23
85
4113
53
233
92
34
74
63
207
188
129
298
189
236
118
168
260
186
1891
3186
155
223
140
297
1489
118
78
193
100
77
50
122
257
16
93
122
195
54
206
875
79
292
203
147
190
64
196
133
238
90
105
188
299
124
219
119
278
2848
86
37
3048
793
183
117
38
11
283
32
46
277
86
151049
77
184
47
87
38
21
155
236
111
61
47
44
42
131
116
1470
55
61
194
235
1716
251
205
250
174
258
223
292
119
284
75
145
32
275
40
100
207
155
160
152
1761
4523
28
226
300
299
265
20
280
78
204619
275
297
95
55
83
241
270
99
244
273
138
240
285
174
39
6
84
263
58
167
169
3879
31
256
224
160
178
37
275
116
159
168
166
158
259
182
112
256
106
100
286
280
37
70
243
23
74435
20
177
123
135
68
196
233
263
23
246
72
75
193
179
2435
220
40
22
50
69
182
274
15
210
129
98
128
212
175
85
12
9
230
6
177
185
126
36
182
196
67
74
73
225
292
125
286
23
157
207
54
238
2084
247
105
208
24
124
174
58
202
115
281
237361
138
11
55
74
190
180
176
149
269
267
2159
109
92
211
299
1873
195
146
291
107
291
291
3354
246
106
87
258
72
298
246
155
2250
79
62
209
133
264
106
28
2640
16
235
137
300
43706
294
59
185
27
8
58
208
24
29
127
291
133
93078
164
46
53
97
127
244
173
274
1135
189
155
82
45
70
184
114
272
45
109
150
256
20
290
151
138
258
29
198
5
222
277
138
282
96
1445
218
168
218
126
56
177
133
198
174
109
69
5
186
219065
280
101
2137
285
110
230247
200
168
60
227
90
262
77
16
161
128
293
28
219
237
78
139
58
38
140
146
25
287
171
289
192
284
290
38
40
44
243
175
109
253
5
296
281
76
189
46280
258
47648
92
21
267
152
232
7
160
200
81
211
131
60
240
54
281
243
54
18
146
99
81
54
223
168
282
86
20
262
274
275
253
89
45
209
163
2321
57
239
153
212
200
283
298
281
169
181
52
57
145
244
181
105
88
170
197
54
39
108
21
197
100
74
227
255
156
257
88
721
220
126
73
124
23
174
63
183
256
31
110
203
93
160
299
54
101
104
22
133
286
38
12
688
99
253
208
104
228
206
80
124
126
89
280
190
133
250
81
291
95
1512
74
290
288
110
235
209
235
173
9
39
14
123
149
72
235
71
26
127
68
81854
121
21
204
85
290
120
177
1258
88
68
224
264
43
254
103
99
19
293
137
3059
29
34
284
275
109
199
221
265
157
50137
36
257
62
244
4144
155
280
185
129
33
211
127
49
182
189
77
41
169
2642
256
33524
135
4940
235
79
209
186
230
86
115
170
217
188
280
235
174
130
192
983
20
65
179
60
146
29
35
56
91
2555
178
248
4277
27
212
97
96
270
243
62
97
142
235
141
1007
244
21
191
124
94
85
21
48
196
298
170
152
32
147
132
22
273
26
182
181
2089
124
4357
28
258
215
79
158
15
56
4165
32
279
152
84
54
251
191
192
96
9
193
297
196
185
37
238
91
112
83
128
30
48
276
127
16
2068
86400
56
169
201
285
165
122
618
14
133
1283
86
257
296
27
115
20
182
236
145
943
59
20
86
12
1857
90
174
223
263
100
25
192
80509
231747
100
233
15
199
4608
212
210
3270
126
17
299
255
221
1314
232
259
48
55
278
24
242
4158
140
155
89
4380
114
184
240
4811
151
361
64
214
71
147
172
263
142
205
96
263
153
164
180
159
271
104
227
244
271
130
105
58
295
215261
72
117
115
265
234
80
3602
172
94
290
204
221
239
24
80
1737
204
222
3810
182
296
202
229
49
101
231
189
130
279
118
272
253
16
181
63
141
217
142
203
254
40
61
831
152
158
23
97
40
186
276
38
167
253
34
51
102
202
177
102
3489
109
297
103
133
99
94
63
3456
1871
219
102
194
11
146
6
96
133
160
174
7
66
14
145
29
102
1488
119
86
249
4842
202516
95
291
144
72
288
24
252
941
39
8
47
156
133
278
1982
821
180
229
1760
3645
241
2690
252
117
63
187
13
5
255
182
25
23
58
51
215
292
149
151
251
85
152
4548
8
225
90
118
254
216
194
148
145
1731
269
248
79
162
295
189
204
253
152
5
291
224
4121
6
224
165
3259
97
75
1258
103
150
145
247
262
83
87
129
156
30
3215
26
36
116
218795
89
135
125
59
271
118
224
134
55
229
289
183
109
128
16
206
289
296
180
238
240
18
178
156
193
128
128
133
27
271
118
79
28
75
201
276
197
41
278
80
75
38
2244
268
15
226
154
239
114
288
724
281
52
213
127
3492
82
31
169
81
110
82
148
231
9
235
2143
98
24
285
225
283
186
292
88
56
287
228
147
247
252
74
156
232
277
288
130
38
268
493
180
86
124
207
33
168
232
34
251
40
107
300
2336
51
155098
194
141
68
4237
1323
206
285
236
259
200
195
133
150
10
136
11
172
226
31
81
152
107
76
67
8
271
136
279
30
293
242
17
54
185
40
97
50
166
184
190
270
167
3775
294
186
201
258
198
269
104
1975
265
113
276
4748
225
115
286
62
71
282
142
119
67
116
2206
191
234
142
194
133
283
116
185
205
11
155
258
288
169
143
3056
264
283
197
242
173
186
285
195
121
67
265
201
215
45
198
261
60768
152
129
256
242
131
24
231
56
202
51
130
30
272
183
27
21
194
26
10
51
171
19766
181
286
167
128
291
26
276
4049
4162
220
21
99
63
104
48
78
289
119
16
186
12
2329
34
254
140
146
188
180
182
87
37
273
231
120
32
232
8
2222
253
188
271
148
241
85
244
115
27
149
82
238
2937
277
5
105
38
282
146
108623
200
27
224
6
267
33
116
269
272
133
71
72
274
38
123
67
173
108
131
1840
238
3017
299
206
56
171
155
184
237
64
300
161
183
255
476
214
86
182
99
4711
282
30
82
272
144
56
266
224
106
48
294
194
263
2522
59
189
131
259
184
77
17
246
212
220717
97
91
13
106
23
42
133
144
3518
268
33
270
56
70
174
63
152
226
276
261
41
71
258
295
25
2950
297
55
1055
27
162
197
283
204
84
43
1424
234
23
206846
26
43
137
100
33
188
2242
288
299
42
156
57
36
121
7
263
197
74
148
158
1271
32
90
237
115
203
192
115
83
92
273
253
79
127
13
6
32
182
225
27
127
133
261
56
230
223
5
133
6
246
161
147
87
141
249
142
268
192
201
230
296
62
169
299
169
238
213
7
108
80
275
125
39
60
51
99
68
145
25
190
146
117
146
295
73
78
204
259
181
177
80
268
186
168
207
141
189
180
23
192
240
132
268
220
243
112
4052
287
174
106
285
245
167
105
97
22
83
236
283
85
67
1131
285
163
73
124
107
21
186
165
180
108
235321
224
260
169
234
198
8
257
254
277
258
255
266
285
264
69
79063
44
223
26
220
156
163
183
40
196
220
226
29
293
97
157
296
194
204
110
44
70
180
168
285
23
157
53
176
296
275
207
242
214
136
70
146
209
142
218
126
156
29
54
9
183
186
135
139
257
258
16
278
104
180
286
92
26
62
212
288
162
1937
9
235073
118
214
214
72
2212
167
163
280
168
286
117
2479
164
5
66
229
68
3348
163
151
11
258
223
27
146
106
4805
57
291
99
30
219706
20
154
289
2179
164
256
219
221
29
152
3675
31
129
1980
253
45
248596
281
60
269
55
132
242
138
378
228
259
131
2503
23
117
116
77
22
30
290
154
78
294
15
24
118
56
76
9
220
249
212
219
130
109
272
268
100
131
181
227
249
38
46
4605
55
129
53
190
114
15
106
185
223
31
236
28
21
233
54
171
173
265
267
223
162
126
252
17
78
232
187
130
275
28
291
13
149
118
225
34
275
30
267
236
200
283
271
84149
250
148
15
208
194
1110
11
22
289
172
166
194
218
143
142
162
6
75
102
19
5
134
19
48
135
154
37
228
27
289
174
37
150
229
1153
32
73
290
52
44
175
230
48
242
139
48
172
87168
299
208
40
92
276
59
219
158
270
291
180
150
94
154
185
2515
140
156
244
109
272
269
233
201
146
133
50
206
108
102
184
201
5
1268
947
4268
246
195
8
241
213
118
149
3426
255
256
141
246
245
174
79
240
147
288
271
134
186
279
160
17
58
271
97
290
128
182
184
214
55
218
128
147
160
206
149
114
269
238
155
189
138
90
290
140
45
289
254
114
186
18
58
227
3556
236
136
268
132
68
125
280
115
102
245
40
2919
184
251
87
113
171
297
176
181
73
214
237
3781
204
78
367
151
105578
217
55293
125
129
98
28
231
285
156
6
267
3733
297
15
289
190
129
277
173
245
263
110
181
290
116
94
296
158
153
199
143
89
11
22
34
163
108
195
152
95
246
182
231
1410
28
162
112
53446
144
142
964
148
264
57
88
152
154
329
12
240
113
294
28
219
234
61
230
205
110149
267
283
191
66
288
275
138
286
193
226
103
1780
43
114
213
192
289
56
2420
250
4941
16
4822
269
93
73
50
236547
50
129
116
166
3051
17
292
278
12
105
100
175
233
184
285
238
279
200
2396
3402
172
11
238
233
208
262
102
71
32
22
170
231
174
105
15
22
142784
137
243
37196
18
243
237
129
16
3948
79
37
276
243
90
103
94
130
299
137
191
196
131
298
168
87
136
10
125
50
227
223
247
118
198
178
60
210
65
243
55
267
151
209
3538
68
122
225
236
3642
40
141
278
157
286
62
239
264
293
1625
206
235
178
11
35
252
173
80
224
266
174
66
1182
254
202
188
157
40
125
115
71
171
4366
112
198
104
283
47
107
300
138
2941
48
297
17
143
214
23
143
167
125
475
237
28
263
57
1202
212
142
62
46
122
159
3421
87
255
38
231
166
4053
173
139
284
34
24
81
141
204
95
285
29
292
207
198
108
214
36
254
37
268
238
103
180
33
154
70
267
77
204
231
2485
249
1875
179
68
20
2072
157
216
23
139
130
256
82
4470
172405
9
284
122
5
157
387
277
133
79
148
240
193
165
3323
266
293
243
9
234
1513
139
265
187
261
172
159
138
46
217
253
72
65
255
215
125
271
9
83
135
148
17
156
226
190
41
272
254
253
72
1796
161
182225
16
297
274
42
198
243628
95
259
26
211
251
122
627
211
9
21
239
491
15
14
185
257
14
83733
234
43
46
259
132091
697
272
255
3696
45
63
64
73
277
276
78
242
87
68
202
162
185
167
151
136
167
349
225
3956
175
206
99
70
11
290
2177
51
155
129
3446
168
294
44
101
292
245
147
2451
139
78
873
97
114
2398
101
170
159
179
254
84
54
251
841
61
27
273
231
184
4530
293
113
21
525
257
37
129
297
134
200
221
4266
203
189
249
154
94
96
64
266
236
140
103
44
105
30
48
267
210
237
162
219
165
101
463
101
85
132
53
28
201
1823
177
131
261
180
184
231
50
65
187
136
68
84
215
225
82
292
178
50
8
80
207
245
171
132
136
653
125
27
46
704
98
11
198
117
107
168
2210
56
11
111
222
110
243
66
115
229
197
239299
30
6
101
110
221
296
149
4873
293
259
81
206
211
278
264
143
183
2831
38
162
181
182
6
232
200
251
59
186
269
60
79
202
271
84
149
249
34
230
280
232
162
229
283
132
34
129
192
84
207
91
111
10
175
293
151
148
184
174
218
98
202
232
11
249
106
285
217
211
3005
168
298
182
69
13
54
215
3075
5
180
180
61
203
298
96
144
77
68
77
180
62
38
234
65
54
261
2644
263
200
105
11
274
204
108
226
223
78
90
245
143
90
275
183
116
300
200
191
150
32
294
3798
16
976
1804
13
121
296
1874
146
31
48
17
758
220
35
10
4819
110
42
253
3331
617
225
249
4388
14
136
229
37
67
107
3781
1379
83
154
115
134
189
130
177
188
277
68
294
234
46
204
261
207
140
169
104
6
2754
27
187
124
57
113
224
256
259
205
9
68
137
293
65
7
64
218
3701
66
253
163
28
90
45
88
193
29
250
135
188
151
99
235
11
118
59
98
166
221
225
188
82
37
216
95
261
142
77
44
114
209
291
148
48
149
210
100
289
157
190
44
138
4850
128
165
75
210
247
132
85
1883
47
179
273
40
165
67
114
40
265
32
98
235
116393
248
185
295
217675
102
149
16
41
37
298
205
195
23
167
75
227
64
10
11
1666
185
51
21
3861
196
76
158
60
264
201
280
146
263
217
132
292
291
217
155
75
200
206
27
192
195
241
73
229
279
9653
21
18
86
55
198
28
255
295
207
115
195
13
135
278
22
19
171
45
41
119
271
169
297
3327
83
10
3505
48
275
214
67
7
10
153
6
38
276
124
37
260
250
223
124
52
4467
110
247
251
1390
77
199
218
34
137
14
117
240
192
4981
52
219
246
264
143
267
25
173
84
233
280
53
151
57
99
255
36
87
67
265
233
179
16
9
285
5
167
49
219
14
166
180
6
239
197
110
115
100
225
184
229
126324
102
252
237
206
190
80
208
127
33
93
15
195
261
154
31
241
49
284
169
106
14
245
44
237
254
90
165
141
135
49
175
50
158177
97
92470
11
138
228
115
1756
230
233
241
85
240
85
25
232
142
240
209
4223
4351
277
66
17
165
298
167
268
30
94
183
231
56
125350
103
300
777
66
108627
10
40
244
34
114
69
123
73
40
40
153
190
111
264
273
168
258
189686
178
286
194
285
242
157
49
185
41
161
2143
780
291
170
244
50
8
209
197
236
173
9
189
74
4015
92
294
78
9
216
243
227
102
239
172
155
116
279
82
225
207
1372
145
33
22
237508
27
189
101
78
53
117
265
1419
44
198
155
93
263
22
346
143
208695
183
237
24
233
210
169
6
192
16
90
210
63
91
18
145
4619
154
234
271
152
296
190
98
185
16
4811
162
72
17
252
222
209
246
174
151
41
252
27
63
41
4703
47
8
282
26
205
66
1100
87
90
233
555
141
140
120
266
29
2831
191897
41
53
74
130
122
36
118
182
157
299
264
109
176
4211
56
26
142
53
187
230
233
18
18
88329
243
155
38
87
18
138
4154
211
10
211
75
267
229
259
167
74
216
104
230
27
260
297
251
272
49
171
276
16
227
6
65
140
49
298
253
171
24
235
254
176
121
123
84
152
122
282
256
51
4925
182
72
183
134
41
42
128
83
2528
182
241
3541
41
228
58
297
157
154
55
296
116
237
110
1083
7
49
199
274
4306
168
100194
205
110
169
103
244
142
129
35
222
15
168
192
168
83
80
143
4058
175
115
66
246
86
180
86
271
230
194
49
2677
208
28572
299
231
249
57
191
229
181
205
58073
73
191
99
60
81
60
253
205
161
199
12
233
284
189
211
82307
16
3045
72969
45
151
70
10
52
65
2801
299
228
125
283
150
250
191211
8
65
215
292
274
38
245
223
291
250
284
156
186
50275
2255
278
99
83
236
31
127
104
249
232
243
108
196
252
246
2589
58
112
101
270
263
216
235
185
217
249
182
87
284
237
1506
259
219
67
760
165
283
272
37
188
224
80
2851
101
195
105
290
300
197
139
157
296
223
226
126
123
66
6
87
57435
132
144
257
223
212
138
57
2709
37
206
68
33
219
272
5
99
240
96
102
45
294
234
53
257
211
286
93
183
186
205
203
202
142
1890
187
235
133
55
243
123
216
150
92
114
36
4953
300
77
2720
243
157
227
125
155
165
70
22
207
3340
19136
132
93
164
2653
211
211
2284
237
277
162
285
155442
153
210
38
261
120
139
153
273
179
1643
152
58
250
22
5
141
66
2060
44
60
159
233
229
177
98
264
195
162
116
72
285
297
57
1693
15
78
150
117
182
164155
203
150
198
2553
84
150
1764
209
227114
299
83
12
9
212
5
114
277
263
217
25
294
232
8
95
111
3558
281
18
186
19
178
213
18
157
1620
117
253
147
65
4956
102
46
105
152
198
289
163
2899
181
827
267
263
100
211
215
88
10
156
45
221
90
151
90
223
247
127
256
2247
139
284
22
2055
4669
23
235
228
254
192
165
11
204
187
99
229
29
112
3125
255
58
276
58
193
42
248
114
12
3954
112
51
232
210
26
296
47
214
224
169
197
287
297
187959
110
104
174
63
280
161
258
232
227
218
260
91
41
51
118
1396
82
127
71
74
9
199
205
79
2544
103
288
254
20
90
16
36
74
270
135
103
113
189
111
275
3968
170
296
278
157
135
845
75
118
99
261
91
37
266
139537
187
30
299
176
6
86
111
132
132
66
240
185
4049
109
16
287
69
173
244
193
172
132
148
108
195
72
36
63
271
41
57
15
173
166
102
61
185
80
29
250
33
254
213
105
264
158
220
92
20
2837
1312
235
232
176
203
19
101
274
127
214158
62
241
177
3571
21
74
173
78
23
123
149
161
4568
135
7
4205
165
175
87
2849
126
131
121
266
270
162
47
225
118
1014
229
267
277
59
98
71
215255
219
188
3301
3382
221
247
839
256
244
148
50
126
30
42
299
211
121
231
228
171
224
1947
200
1640
255
196
59
182
187
227
242
120
225
266
129
84
260
62
295
296
589
281
202
138
273
289
38
11
210
18
27
77
221
2900
265
26
23
264
126
87
19
102
251
186
39
142
182
271
295
53
167
186
108
43
236
267
32
3770
82
257
74
243
78
20
1870
3725
18
278
298
7
153
4311
122
90
96
156
208
226
295
296
188
79
289
263
135
275
1095
545
114
56
33
183
184
154
158
231
177
3695
249
51
239
96
2850
69
166
102
123
145
7
8
34
68
196
194
135
28
147
174
17
183
219
161
213
176
3908
141
29
4404
55
3426
11
4396
112590
1629
39
167
171
264
124
28
152
223
187
128
279
87
242
215
60
152858
208
194
270
227
11
137
137
130
220
3205
64
155
113
277
204
36
169
112
8
99
162
78
3744
1222
46
591
958
219
221
109
178
3504
254
286
282
2304
52
2975
199
43
178
282
277
67
190
3417
438
49
184
39
170
57
195
89
172
16
199
194
288
80
758
95
274
205
1076
146
289
299
277
176
283
242
195
134
179
137
222
173
199
253
238
258
283
268
164
97
285
206
200
2839
2469
166
127
29
260
174
94
156
197
64
1480
268
128
103
23
4781
73
138
141
101
14
155
210
1154
74
76
179
112
164
245
218
282
295
231045
113
209637
103
33
261
49
228
249
81
167
102
296
2680
154
256
87
159
149
67
234876
36
506
185
130
224
229
185
103
149
179
258
1456
242
22
45
230
15
281
193
26
80
257
291
177
27
32
102
232
144
265
3608
272
227
172
31
131
78
52
82
4629
1390
42090
81
115
242
223
251
218
161
273
197
215
146
81
196
215
4762
90
277
286
99
122
256
148
133
231
1468
268
273
83
8
26
28
109
196
208
279
138
85
75
250
211
69
243
114
76
103
212
288
78
173
1379
280
206
236
79
184
285
193
160
67
269
43
198
201
267
192
55
110
205
182
246
154
279
220
193
25
101
291
23
135
159
15
137
88
2988
69
3817
8
173
27
290
1899
107
151
184
111
179
196264
230
286
129
1554
10
276
80
62
171
239
258
207
193
109
67
2057
209
253
4350
41
251
291
60
20
168
9
292
131
131
217
291
276
118
166
134
299
205
245
251
181
234
1675
198
203
152
1873
136
2774
39
240
221929
256
192
242
179
130854
125
148
244
234
3711
190
67
180
8
69
264
177
223
125
25
281
29
85
290
186
143
6
91
3669
9
1343
57
191
39
285
233
97
209
4229
22
177
59
145
28
195
294
40
2768
218
219
67
67
247
173
3978
97
138
218
260
122
210
854
120
122
1422
104
85
1560
284
274
203
138332
286
81
60
188
114
151
42
292
238
225
3234
299
46
33664
126
204
200
124
251
234
29
194
277
300
248
177
30
118
221
100
147
11
72175
11
152
21
56
67
133
6
68
133
232
241
133
219
127
90
30
4549
28
287
227
130
1134
98
114
14
220
277
295
22
2840
234
214
192
108
136
91
162
45
47
235
211
4779
180
182
124
28
215
242
163
131
69
101
51
29
86
190
60
142
121
99
30
293
189705
215
216
107
203
208
43
1925
4543
212
135
151
180
208
72
1138
3246
155
157
175
100
3274
280
35
164
3987
82
22
79
73
84
195
132
245
90
114
123
277
211
153
48
99
81
156
171
3110
1106
271
77
235
242
160
26
76
146
94
95
130753
264
257
28
97
4653
127
7
281
269
4993
59
62
254
14
41
188
203
44
169
138
211
218
74
64
81
78
126
234
48
159
186
51
239
120
102
280
83
40
140
204
285
294
190
164
266
237
32
220
62
250
114
266
160
164
134
288
241
104
19
15
211
2251
70
178
153
273
296
62
182
266
39
81
252
281
242
171
58
279
131
149
235
47
264
201
124
853
204
133
229
29
79
186
190
249
168
81
191
106
2953
260
187
167
232
297
2416
200
19
108
56
299
266
214
34
239534
104
257
208
60
107
259
3167
222
273
104
4394
231
109
121
293
69
93
138
282
119
127
93
254
10
98
150
179
115
495
254
142
133
180
90
2991
232
130498
95
282
177
269
108
200
37
66
212
131
164
77
54
252
197
81
25
295
6
52
116
153
220
2388
213
81
263
276
150
22
85
113
32
30
85
5
246
33
265
39
99
11
263
244
179
174
228
94
192107
64
250
149
35
226
72
277
7
120
112
251
242
49
88
222
283
298
288
146
128
123
271
204
146
237
227
80
80
38
138
156
5
106
122
128
83
127
274
234
115
214
219522
270
280
169
213865
127
26
83
286
76
275
85
272
6
19
251
570
40
67
3846
293
216
233
127
150
67625
39
142
155
61
2238
20
812
158
169
96
215
193
9
68
186
12
190
4896
7
49
258
245
216
19
208
163
182
107
183
2541
242
28
146
206
46
98
55
269
101
3449
17
122
218
10
290
93
227
69
165
103
109
250
193
132
135
25
269
224902
38
42
48
243
211
297
240
168
207
201
21
244
256
113
96
218
115
12
19
122
120
298
290
58
155
157
166
233
294
19
199
259
177
216
9
118
247
39
294
5
31
109
259
1779
99
198
247
66
172
295
165
230
86
258
212
227
218
287
276
233
222
233904
297
214
155
241
1615
77
196
3621
200
154
2317
281
42
245
48
4082
886
210236
255
210
155
208
26
255
266
688
154
207
135
82
170
204
230
56
183
8
149
85
165
54
215
297
61
183
72
3139
18
152
267
45
142
288
45
63
284
156
97
145
68
188
224
12
28
97
173
274
15
5
185
1903
3113
159
181
155
67
134
14
297
274
141
13
91
99
157
152
74
80704
208
154
222
278
157
332
102
111
153
51
80
84
47
51
7
233
51
34
144
113
159
1627
187
184
171
5546
83
99
120
4582
27
22
222
136
126
141
57
55
153
126
195
178
236
77
61
74
75
284
169
137
115
48
9
198
31
32
274
14
165
124
294
1953
142
139
25
1315
8
233
151
47
262
220
217
23
103
250
110
239
279
4341
290
183
213
242
20
84
287
205
122
105
35
6
159
248
172
678
239970
2538
265
37
223
131
140
239
4769
41
59
247
98
35
236
253
279
49
225
104
161
43
231
4920
161
255
257
289
4383
11
47
85
192
1970
151
21
124
288
64
174
7
83
294
174
232
180
170
227
54
40
218
220
121
246
99
54
113
131
174
272
11
212
92
297
169
138
229
117
194
201
79
161
194
636
49
188
45
39
29
3093
4524
97
152
265
4200
122
103
292
296
1014
28
53
233
183
285
266
244
266
171
246
180
49
143
699
203
194
233
205
226
226
75
3572
284
108
172
22
4794
288
251
268
252
232
61
295
246
142
27
217
206
3854
78
591
15
127
116
221
136
24
22
47
169
85
20
264
192
280
202
23
67
213
175
166
152
50
120
189
83
149
102
159
57
62
41
172
1340
222
249
202
128
160
2315
118
86
70123
37501
230
7
248
126
84
14
146
219
137
4252
1195
98
5
171
224
251
22
90
238
1034
205
257
1038
232
132
4967
153
269
146
245
135
102
83
174
74
299
221
146
217
178
245
82
181
114
84
65
99
42
102
59
184
31
197
101
100
194
256
3650
47
275
178
89
91
242
141
266
117
94
210
98
197
273
125
217
29
1975
229
10
199
90
283
156
75
103
194
105
55
11
45
48
105
50
253
97
298
68
3690
163
106
27
48
81
44
227
38
199
120
140
2456
51
217
75
73
96
107
202
86
129
213
258
79
158278
280
85
209
299
259
299
143
116
184
215
213
63
241
265
177
293
4035
193
100
111
93
88
89
295
90
141
64
112
26
70
277
11
120
216
216
233
3670
93
53
62
132
18
65
293
178
22
192
55
277
32
72
170
2915
151
221
156
104
186
142
135
161
225
298
52
4592
202
221
137
193
41
233
139
48
277
148
179
176
151
102
166
171
234
283
292
209
169
243
53
280
61
1464
76
283
196
201
77
171
64
61
159
236
216
180
34
83
287
141
2047
50
283
189
206
266
6
4448
59
241
46
188
206
63
18
152
176
3129
192
194
171
956
127
93
37
261
93
246
49
295
128
156208
148
39
56
251
264
45
214
47
195
79
214
22
97
228
32
170
29
207
28
36
50
62
298
296
233
234
29
123
17
237687
153
12
291
1795
297
222
87
188
19
27
295
136
98
208
65
296
107
17993
290
253
291
26
48
218
279
278
271
183
167
172
179
117
78
163
264
102
132
281
254
218
157
4436
136
148
17
122
252
252
81
78
103
219
145
221
238
168
161
62
234
40
3401
281
44
23
74
279
109
244
78
93
74
297
191
381
153
38
11
43
139
182596
248
29
114
140
297
269
82
285
39
193
192
181
256
178
171
186
299
1614
114934
24
156
75
294
171
37
278
283
240
121
4215
122
201
212
222
241
9
98
295
83
160
122
266
180
163
110
84
2465
30
250
6
52
607
102
87
41
201
1408
14
207
93
107
107
293
184
50
186
12
96
70
99
276
96
181
4574
201
131
211
295
109
15
215
23
68
297
76
165
35
156
132
262
151
80
48
268
85
20
38
53
289
2606
129
142
204
247
193
243
109310
228388
177
83
260
233
236
27
120
251
29
177
66
47
132
20
229
157
1277
133
1737
299
277
179
158
156
211
296
141
257
186
166
3176
1725
15
286
12
178
268
51
243
197
45
148
281
53
165
6
175
178
79
234
277
103
1797
272
126
123
133
11760
80
7
224
297
295
9
67
233
141
24
220
4020
89
74
162
19
35
178
185
524
99
216
155
124
165
7
258
925
228
233
88
1438
79
47
88
278
214
91
221
193
81
85
58
40
3680
152
300
293
202
14
278
109
186
189
4123
285
1901
262
168
168
279
17
174
62
272
205
992
300
95
41
100
39
274
51
123
168
139034
224
71
41
179
708
101
25
4610
134
56
255
132
105
113
188
214
80
139
13
258
101
168
207
82
71
126
104
270
133
135
279
105
225
241
91
189
31
27
220
107
62
24
111
279
103
66
57
25
231
150
33
105
183
56
192
144
76
4798
1237
103
7
192
241
186
287
280
68
72
225
135
280
263
137
137
17
245
81
141
66
296
2856
101
294
261
86
120
929
75
85
233
248
263
214
143
281
213
220
248
16
274
263
120
279
82
79
42
268
253
5
123
194
263
3823
297
194278
147
70
191
178
101
133235
223
136
196
4754
208
237
300
62
258
242
82
163
201
238
188
27
91
84
157
197
128
194
21
128
86
12
92
3657
75
5
279
96
276
174
271
17
95
5
86
110
280
222
731
126
61
248
290
296
45
142
213
53
420
76
243
169
166
8
23
170
191
185
95
294
87
37
123
46
215
187
290
136
19
230
4844
122
38
134
108
90
269
111
226
106
208
256
66
100
49
23
189
239
60
235
272
66
7
102
241
287
250
141
38
278
104
27
54
77
46
99
73
260
192
167
3725
51
183
288
279
70
36
3348
2595
293
68
8
262
108
234
134
108
6
214
115
17
146
205
286
3331
227
10
80
257
78
192
138
246
250
233459
229
90
60
91
151
2653
221
220
72
129031
195
51
207
24
253
57
164
4855
119
122
266
13
103
218
129
156
182
53
277
2496
259
66
250
59
186
19
188
190
18
225
85
7
88
104
290
65
219
1975
87
114
25
90
180
95
3827
187
60
136
244
197
52
46
249
1434
168
279
137
27
491
24
168
227
143
201
4192
74
142
121
12
282
74
246
224
222337
272
54
156
118062
191
62
200
226
33
218
287
216
207
67
72
256
116
236
26
199
27
58
42
118
46
204
57
145
52
4942
57
185
242
181
235
191
208
135
195
294
183
40
78
92
80
113
130
11
191
213
82
283
271
129
66
141
268
100
79
161
90
24
140
219
125
139
19
142
75
2722
271
25
40
287
241
121
206
116
123965
7
265
139
146
79
177
247
51
211
143
71
108
134
81
250
71
56
38
132
5
280
26
172
6
131
285
288
136
278
4757
17
62
2204
173
270
23
171
93
255
157
271
2232
60
219
176
36
212
277
119
58
100
52
138
213
155
285
108
23
44
129
238
291
173
235
8
48
113
246
12
252
145
291
127
179
39
136
269
266
146
282
214
59
152
163
86
134
281
242
112
171
95
233
164
277
24
4128
297
216
141
43
606
171
45
137
9
113
10
2901
240
188
240
3730
45
189
232
185
6
67
58
53
35
119
164
139
166
175
123
110
2281
147
129
141
41
226
80
160
237
218
119
213
260
115
151
86
237
281
107
19
106
37
246
168
298
108
176
277
168
285
151
88
263
146
383
216
51
4027
213
120
33
131
170
236
258
125
1246
68
204
35
100
37
206
200
189
241
152
285
297
231
228
103
205
219
5
42
245
155
120
164
207
25
98
208
285
212
255
234
91
207
228
230
300
82
136
181
111
21
63
80
146906
271
87
39
56
221
3921
34
135
140
38
222
49698
294
36
68
248
109
249
221
264
40
69
220
144
280
1906
130
179
20
148
95
89
97
6
169
76
281
9
738
126
176
272
264
236
143
109
177
226
116
3601
113
206
22
150
216
213
114
153
97
98
259
237
225
292
86
203
191
37
144
140
248
91
29855
35
61
293
251
42
173
287
88
17111
61
206
271
106
229
18
45
145
257
84
98
261
62
232
3667
165
51
29
246
46
99
43
27
272
198
28
251
238
5
42
126
116
275
243
38
4126
3814
160
188
194
213
79
275
235
5
3615
144
1291
117
124
250
223
233
175
164
40
202
123
221
112
48
112
249
180
47
238
155
95
39
12
279
102
27
296
285
77
202
36
187
103
180
93
64
1154
167
101
116
133
31
135
266
31
288
196
164
194
200
99
116
238
100
1221
274
232
33
219
127
217508
271
9
123
71
2924
213
76
128
130
205322
117
86
190
40
50
3708
22
12
133
274
184
119
193
4404
156
146
91
209
86
194
6
123
216
208
261
156
2812
270
230
101
243
286
60
18
254
297
152
197
121
180
72
250
55
134
253
3946
227
3961
193
17
268
126
203
10
171
62
210
140
133433
220
209
128
19
63
46
268
115
107
288
43
130
296
292
135
274
238
143
278
48
3984
32
189
254
261
164
2072
198
409
230
16
106
241
78
297
296
7
261
17
5
74
153
19
18
1704
104
75
94
247
11
168
251
296
21
196
172
80
57
213
37
204
255
206
204
64
53
265
173
28
24
142
108
74
279
124
90
18
264
208
74
263
35
36
34
28
262
249
148
45
73
22
148
254
32
118
7
126
297
15
214
19
178
227
656
60
28
286
1165
72
174
118
207
45
5
22
156
36
637
295
224
136
286
237
67
276
4841
249
3866
244
99
2295
78
150
257
21
50
74
57470
128
193
3743
209
74
248
46
208
128
5
215
217
106
274
172
4024
162
40
242
185
139
112
17
168
128
133
239
235
256
11
7
75
265
260
180
42598
193
108
186
248
99
139
177
60
208
63
150545
72
169
177
238
247
128
3290
62
220
128
31
289
152
120
258
107
114
160
88
210
278
231
66
63
64
40
287
257
130506
245
298
227
69
70
161
264
125
403
137
43
162
16
112198
165
163
79
131
185
3833
219
259
15
299
130
121063
139
107
118
15
250
204
11
40
252
299
2816
4050
175
35
14
158
35
164
122
192
49
215
271
198
103
27
191
140
37
194
3215
119
2922
112
153
236
109
179
124
24
213
249
31
151
187
247
54
4430
257
209
96
129
268
55
246
148
2170
254
133
196
46
245
90
687
223
22
195
96
199
290
141
233
148
3682
122
143
187
1296
86127
265
166
267
229
37
12
263
4036
261
268
116
82
49
213
89
16
67
289
60
289
10
246
237
26
159
183
81
226
138
234
193
261
212
279
112
74
269
89
148
161
7
7
152
93
141
162
11
79
206
163
270
49
58
59
208
134
29
72
2533
121
19
249
299
150
274
243
233
116
169
276
230
223
142
57
76
121
209
295
213
194
145
1490
125
47
26
269
259
136
199
208
279
132
204
16
270
168
300
199
191
1552
170
182
98
102
38
283
183
226
63
164
24
195
37
97
127
167
60
285
84
101
151
151
107
4046
282
2354
215
277
204
136
49
15
21
53
175
184
148
249
156
143
83
210
156
159
74
162
219
232
10
55
58
211
3432
102
17
129
97
23
77
119
24
4132
3171
277
206
165
122
207
713
204
118
292
22
104
149
6
144
151
278
246
199
2481
1556
199
30
252
290
7
179
41
1671
293
20
26
2350
292
22
173
52
129
20
117
296
206
245
135
54
12
81
176
252
59
87
2039
743
248
143
91
221
214
91
185
805
215
61
4384
38
170
160
283
1980
277
164
48
12
134
449
121
263
224
42
36
123
3208
266
53454
174
39
257
1571
85
40
289
255
176
143
66
79
6
134
168
71
171
185
294
261
92
20
248
238
279
99
113
62
96
141
47
206
202
103
185
181
101
2274
260
282
257
60
291
200
121
238
177
1913
33
123
131
296
72
87
167
271
101
232
272
169
289
9
215
98
193
149
87
9
297
3750
85
267
222
131
152
191
101
226
291
150
189
204
294
402
264
255
163
286
205
95
261
231
111
183
189
164
161
162
190
107
32
48
180
36
165
230
180
78
546
178
63
264
47
182
237
159
172473
3392
190
103
84
82
123
98
38
107
18
201
172
216
28
254
217
101
62836
210
48
53
76
37
3176
230
201
38
81
5
85
221
166
225
181
261
181
4524
255
11
263
52
1696
11
37
225
137
218
112
7
247
71
10
415
37
143
141
178
293
1768
161
257
15
2158
226
187
3153
207
264
41
221
1131
290
221
1306
714
196
297
146
108
223
70
142
36
241
56
277
21
130104
32
238
165
30
210164
35
162
290
50
240
70
3743
251
549
257
249
32
282
49
101
102
59
102
167
137
107
167
276
232
100
3591
278
14
160
82
149
103
294
278
259
86
46
89
155
2788
172
176
222
243
28
108205
186
296
134
136
58
266
336
296
237
81
103
122
243
191
240
194
66
120
199
178
46
17
27
35
161
238
22
216
138
298
272
56
134
45
209
206
110
146
235
49657
240
36
290
6
22477
296
204
300
270
176
44
141
4675
198
192
81
208
125
2569
89
127
164
14
133
10
163
57
269
253
200
300
176
254
200
1011
290
182
258
190958
2690
125
267
71
1105
79
8
261
84
56
289
215
129
265
226
66
198
25
208
162
47
218
226
1214
84
101
131
269
220
129
24
289
204
58
30193
13
102
60
26
130
110
60
275
13
42
286
72
250
200
78
123
95
152
180
291
59
112
44
40
298
47
216
54
116
216
221
81
163
240
299
177
171
286
227
252
212
159
276
103
43
105
56
257
189
104
182
204
102
225
37
15
288
149
75
44
147
300
4986
66
88
298
2619
173
1255
167
46
19
125
273
265
203
178
1601
3932
123
211
2458
85
226
208
87
172412
185
2223
121
91
284
58
205
1413
156
199
142
287
299
109
110
199
151
170412
249
110
117
256
114
4198
49
75
20
261
1621
3561
258
151
29
48
153
3686
255
156
246
205
143
219
181
169
196
226
142
108
261
4976
151
230
102
40
108
142
239
150
228
291
297
217
1769
4292
9
260
229
22
132
127
179
82
219
230
5
89
23
276
529
146
208
98
73
144
21
29
39
212
116
35
8346
252
213
40
158
132
280
162
22
288
271
227
3025
109
95
267
209
33
62
282
233
157
6
2421
188
3758
260
139
140
8
161
39
182
2392
113
13
131
230
218
89
20
110
236
67
97
120
272
202
223
185
84
222
30
277
63
160
198
29
20
123
237
165
47
220
123
111
194
110
79
124
196
177
131
1134
78
182
225
115
164
159
90
258
2375
147
54
61
198
65
64
152
862
254
224
19
195
266
145
54
258
59
59
101
1826
209
152
114
168
11
84
284
58
103
199
101
282
66
55
184
137
261
145
264
127
261
278
80
231
122
266
237
157
181
106039
5
50
42
48
89
2838
146
215
290
96
215
194
45
69
111
292
10
174
4394
294
84
36
60
4039
19
182
178
139
120
13
24
179
239
211
127
218
11
90
33
17
67
32
95
746
213
44
117
43728
228
59
49
144
95
175
108
271
270
12
1389
130
45
295
227
229
126
177
56
143
37
228
190
100
136
145
162
248
144
55
170
4431
146
263
198
210
4644
258
239
81
177
139
194
176
72
39
90
176
61
32
98
211
217
6
214
184
280
278
54
4816
65
273
156
279
191
153
285
6
1900
79
215
89
265
227
15
18
282
223
207
101
4481
98
145
153
100
89
118
229
200
138
2247
170
300
185
174
297
240
293
117
191283
123
271
60
72
228
149
165
41
172
233
193
231
288
209
138
93
273
291
300
150
236
179
192
264
534
295
82
204
65
294
172
3527
1163
170
222
81
272
285
176
75
208
250
125
185
76
162028
1195
4675
195
282
3387
229
394
52
233
192
281
86
257
41
11
245
154
278
186
286
20
138
2900
5
132
155
274
103
2592
151
270
3013
85
82
139
265
233
80
218
289
121
25
53
3601
169
98
276
5
171
47
228
137
274
124
209689
201
166
151
40
6
197
117
112
40
129
268
644
73
162
2669
176
285
173
217
87
161
219
237
226
112
238
46
197
129
193
273
50
73
19
257
35
113189
295
140
63
293
1960
137
167
59
238
33
193
240
225
67
2138
162
246
31
164
98
120
297
60
226
69
229
3277
5
73
75
201
215
255
74
144
188
128
15
201
181
70
295
241
48
168
4266
174
244
85
4188
22
38
266
234
6
65
256
48
1585
216
299
104
208
146
273
123
121
5
96
113
81
70
103
250
103
285
204
150
2537
145
130720
4543
218
28
139
121
227
228
37
628
204
61
83
98
177
196
206
235
189
139
248
99
257
169
17
72
79
224
60
84
235
24
154
56
163
30
217
168
8
106
12
27
37
200
182
96
291
207
269
295
96
1500
248
102
111
130
190
157
195
93
1123
225
99
122
180
215
277
293
105
268
271
282
37
1380
1462
61
252
4480
262
222
100
75
86
78
209
30
176
233
125
4176
4052
200
227
291
192
19
214
117
125
86
231
38
44
247
193
103
125
20
274
153
137
207
50
141
2926
2406
131
1932
62
165
168
155
13
41
136
114
87
30
1068
183
247
26
149
254
275
150
215
115
142
291
294
147
230
275
85
132
194
73
296
262
251
6
60
202
221
442
134
182
299
92
26
288
495
3793
194
143
246
2084
170
174
16
187
32
57
2618
291
259
68
277
270
47
220
146
249
10
268
277
7
109
152
41
186
247
156
258
283
204
61
130
1658
294
114
152
173
42
126
239
272
300
5
299
58
142
36
181
257
50
35
70
122
136
300
265
97840
179
4517
84
284
118
75
213
248
95112
124
128
189
104
3231
70
196
50
232
210
79
289
187
106
291
268
146
122
116
2154
54
182
114
211
46
133
281
98
199
240
58312
193
150
227
60
114
209
196
130
144
134
179
136
295
259
41
4032
50
143
245
53
229
68
11
149
110
63
94
169
82
21
79
102
272
115
223
230
121
142
62
282
771
127
257
282
137
14
224
217
44
176
215
10
140
19
7
24
59
2330
238
95
282
73
116
286
46
274
269
26
172
270
259
174
3925
4684
58
155
58
283
69
148
155
270
32
187
132
136
94
176
180
100
43
12
194
299
192
232
103
76
214
3207
2148
268
83
188
42
34
174
1044
299
280
283
102
125
107
171
218
250
264
277
181
92
167
211
258
216
291
136
121
233
134
1587
231
17
55
196
170
198
236
162
200
283
299
94
221
220
57
197
141
233
125
143
269
234
298
274
3850
193
173
238
65
233
252
171
214
4924
209
20
261
9
205
24
270
192
64
113
235
3544
40
109
249
168
48
27
13
242
4469
3155
175
198
43
114
221
94
86
258
199
11
261
92
73
6
21
22
175
111
145
266
161
119
130
256
232
670
109
233
507
7
96
79
61
3086
4167
147
62
267
226
249
277
34
62
58
100
295
173
132
53
297
166
116
147
47
137
1308
274
91
253
201
162
4571
71
5
4977
33
291
284
2055
67
260
118
290
264
296
226
19
167
108
114
171
167
207
199
19
295
41
249
105
278
14
286
160
206
10
151
262
296
199
82
86
48
21
229
50
170
107
171
187
177
22
13
3170
158
260
268
2011
39842
95
138
159
20
29
102
239
267
22
224
15
197
231
240
128
119
79
214
209
255
164
300
39
100
3788
193
214
267
152
216
169
232
295
154
188
80
237
1546
145
172
4295
285
131
295
52
102
29
107
26
123
140
111
179
154
22
42
191
245
85
26
128
39
126680
216
171
145
48
94
16
195
20
13
63
280
111
197
40
277
551
166
243
48
16
34
293
267
102
8
95
228
169
48
120557
92
268
98
274
89
125
198
207
14
84
156
294
84
8
84
187
297
249
225
84
85
169
223
9
70
215
197
159
217
300
222
66
3685
297
224755
206
247
145
250
214
198
242
208
270
169
254
38
217
62
289
253
250
110
51
157
246
436
123
107
269
126
207
163
111
223
114
257
6
222
168
216
64
155
197
3119
273
3009
107
225
244
56159
168
208
124
34
82
750
275
222
108
271
224
250
3222
86
3980
278
85
14
119
127
236
37
32
144
961
188
228
260
185
101
251
4167
162
245
16
298
294
85
32
154
223
85
63
152
273
288
263
18462
1964
221
226
75
152
266
239
126
160
243
217
4008
247
15
174
46
92
2422
42
163
110
282
88
133
260
56210
141
230
94
264
65
203
251
239
160
226
144
29
227
240
18
220
99
278
163
81
285
214
201
945
126
187
293
195786
265
48
85
6
210
241
44
221
39
88
41
219
26
45
109
12
161748
298
177
139
246
77
2200
245
291
124
279
74
77
36
112
111
3012
12
52
221
212
93268
245
140
258
229
8
5
13
89474
68
11
4228
269
166
16
23
169
226
290
176
275
2438
182
8
275
272
166
25
251
252
145
153
3610
39
191
140
280
155
114
1693
43
160
3205
94
213
290
25
51
252
104
56
105
286
185
65
154
238
120
297
41
247
237
9
14
128
148
70
145
232
127
97
94
171
48
82
254
138
243
55
4616
96
287
87651
117
129
130
86
108
81
284
275
242
205
146
160
59
4234
34
68
160
181
185
123
152
190
61
135
266
285
9
169122
80
62
191
216
145
267
3649
75
113077
53
288
32
37
36
54
81
265
252
275
91994
146
197
220
119
260
57
159
299
69
146
158409
96
63
226
26
120
1422
299
128
261
189
4794
289
232
209
5
109
172
2632
115
102
211
112
181
177
126
38
50
3584
166
109
83
135
21
32
157
230
246
275
268
179
24
9
286
244
81
139
125
96
156
168
169
264
84
160
3433
18
108
24
243
198
257
265
19
170551
104
280
60
15
109
38
242
169
76
268
6
289
68
72
49
287
121274
163
207125
2534
262
195
146
190
196
2852
1285
16
2594
213
193
210
233
196
201
36
218
290
13
86
97
113
76
111
160
2119
239
296
19
88
57
134
134
173
87
266
47
58
30
293
236
29
229
205
233
180
3869
33
2956
244
72952
283
264
286
75
57
42
18
179
269
92
75
270
206
74
95
239
141
251
207
277
119
147
105
38
68
74
30
149
117
289
186
160
246
46
149
176
250
194
113
21
230
3748
220465
290
300
152
4753
255
4807
118
181
79
277
92
42
1446
60
299
4835
153
198
44
70
249
1461
168
73
277
199
238
300
137
8
28
143
105
44
287
185
103
201
112
69
175
8
276
280
48
46
202
4457
109
41
4086
92
174
41
5
2855
224
131
90
281
1905
100
119
271
2351
155
272
177
141
145
106
257
107
149
300
18
119
6
237071
281
149
1119
1689
74
287
97
273
96
178
135
94
127
71
149
3837
280
288
256
80740
17
73
199
85
52
192
278
210
260
243
89
120
229
188
183
14
201
129
201
53
90
269
77
2392
115
289
120
261
241
36
3181
43
141
173
210
1222
287
20
33
78512
169
52
4841
210
130
69
51
249
109
147
149
216
773
266
190
190
52
122
114
3461
26
247
3257
154
91
63
62
18
292
83
51
8
231
91
285
92
166
195
279
206
259
192
93
185
29
112
290
57
159
74
46
289
297
70
106
93
227
183
225
30
244
41
98
209
3075
73
124
150
93
157
109
101
29
17
142
98
156
230
191
44
185
123
112
75
287
25
284
238
116
222
240
206
125
68
161
245
150
10
267
30
134
127
191
57
284
212
129
69
115
230
3836
166
21
897
112
192
117
229
34
233
19
220
71
232
242
143
85
77
3622
245
199
266
194
240
97
234
289
204
52
216
281
218
219
200
244
251
105
56
168
193
219
194
136
82
418
45
122
1699
73
262
110
67
4125
210
187
4445
4269
259
222
180
123
247
260
93
138
100
70
279
142
165
106
27
188
244
33
195
211
135
110178
252
123
3103
192
232
67
46
232
283
251
298
89
66
5
242
279
151
233614
275
228
34
279
238
125
144
219
2483
20
259
288
137
1470
270
9728
136
169
207
256
1261
131
265
111940
210
1201
288
140
63
111
207
221
215
277
59
220
262
143
82
21
165
19
243
231
129
42
47
111
268
246
213
181
126
2662
280
37
290
180
1533
20
16
265
29
259
130
107
98
231
255
208
219
140
59
2590
258
13
105
169
234
282
129
258
26
133
130
81
3922
181
298
123283
99
219
273
93
276
159
150
1567
254
208
271
81
37
248
14
220142
2804
248
199
84
187
3316
118
193
177
183
177
270
90
206
291
156
251
135
229
273
84
89
4376
31
131
77
220
1057
110
86
24
186
144
296
157
1549
15
107
162
114
275
178
171
32
20
184
176
86
155
3256
262
151
55
52
106
41
253
159
193
207
183
112
262
250
3771
62
208
240
201
24
213
277
2603
3380
284
140
167
122
92
186
16
222
289
218
189
28
166
270
130
55
17
83
294
55
107
7
95
277
2875
298
77
276
171
4619
4019
53028
276
177
152
47
63
108
244
160
280
149
199
13
291
45
87
150
94
120
75
57
61
86
95
291
145
161
4391
228
1336
257
152
15
170
572
1855
125
13
248
177
259
92
132
17
114
124
163
123
1823
226
68
26
287
145
3981
7
176
84
3073
17
43185
31
243
76
109430
110
7
235
264
14
12
53
3744
104
270
74
124
206
9
271
131
4317
236
141
47
140456
190
234
297
15
232
202
116
73
218
128
216
50
78
206
192
87
182
150
99
216
197
181
78
188
20
214
197
71
76
179
240
96
297
149
220
4462
171
205
276
113
51
143
287
125
1360
30
151
175
272
248
137
189
167
40
169
118
208
191
200
226
8
25
44
204
284
36
233
146
131
289
169
246
253
196
235
288
59
62
118
60
7
286
177
45
294
64673
875
211
205
194
287
220
4410
109
134
3510
891
234
68
241
204
102
263
229
104
8
46
194
64
39
10
27
16
169
1773
75
245
133
4083
264
45
275
227
8
230
239
248576
278
3471
50
105
237
237
252
271
128
144
49
197
208
164
146
270
235
161
122
38
215
197
39
9
160
248
236
154
215
1155
59
209
254
70
82
105
139
90
77
214
293
146
20
88
140
119
175
191
259
4591
245
266
5
29
23
139
89
3579
136
219
25
11
45250
195
6
247
282
21
41
6
197
191
219
168
108
75
9
168
78
17
248
35
65
104912
36
185
160
238
256
280
235
285
282
129
154
207
76
136
200
55
253
58
75
156
74
102
256
37
664
283
384
215
21
279
57
3119
102
3323
1184
209
180
291
64
244
225
236
237
3819
283
95
213
1955
118555
58
151
139
76
149
248
191
142
21
184
81
206
249
66
210
281
148
189
263
81
43
32161
183
4960
155
179
88
149
184
166
86402
124
129
230
282
46
236
15
152
258
164
296
219
274
85
260
297
113
80
284
158
158919
212
27
264
156
248
173
222
4870
209
202
2223
167
89
57
262
2109
176
268
147
4992
171
257
258
4109
92
248
298
236
199
133
98
120
61
238
37
16
46
94
141
274
839
233
43
194
2676
73944
142176
146
161
162
97
130
2576
216
83
18
211
96
169
218
169
128
31
76
23
35
143
6
68
225
268
224
54
667
4950
2441
112
3068
287
242
74
198
121
159
47
227
1721
210
24
188
89
225
231
151
97
56
186
282
235
120
16
245
189
242
9
11
171
263
60
132
30
53
148
149
10
31
12
135
9
202
146
102
40
277
195
3790
156
62
143
6
121
116
106
294
198
153
38
12
101
252
254
181
266
210
241
6
186
254
252
162
154
19
51
166
414
162
203
120
149
115
53
273
166
217
216
136
216
85
103
173
177
4384
133
177
275
668
210
147
251
255
208
175
274
257
185
57
204
3113
197
50
9
107361
278
140
64
113
258
178
47
98
114
149
191
93
281
252
224
5
232
88
146
163
179
92
88
200
210
255
49
153
145
248
174
6
161
297
2643
93
188
25
114
226
72836
49
117
211
189
226
266
149
97
171
231
201
50
272
276
204
217
245
158
5
234297
58
127
250
88
167
48
65
49
255
141
2437
126
14
176
2559
32
219
57
269
19
183
189
276
299
116
178
181
189
85
89
182
278
45892
103
4488
189
139
103
88
164
176
101
157
217
59
18
153
295
196
428
174
86
201
172
105
21
44537
37
111
192
197
195682
63
270
53
3980
131
10
989
148
28
290
269
184
130
87
130
144
96
113
143
200
27
187
31
292
61
134
170
31
163
55
4446
225
237
35
43
27
294
160
39
234
237
173
204
1530
4563
213
179
205
298
253
75
37
95
110
27
282
130
48
254
16
81
226
237
278
265
177
44
177
59
23
184
67
96
229
31
276
242
82
273
291
50
261
293
72
140
108
193
90
106
264
3912
191
109
109
234
128
1390
141
283
264
162
257
236
157
180
114
13
191202
268
69719
134
56
137
165
286
290
211
23
267
27
186
181
60
163
159
217
183
15
47
75
19
201
243
83
115
37517
171
40
6
236
204
60
2092
201
66
209
186
4498
254
187
183
227
199
87
127
107
151
115
34
119
178
270
134
181
121
60
44
282
153
279
171
197
168
251
298
154
262
117
154
946
114
110
35
104
273
35
54
162
229
142
160
160
13
100
22
206
292
131
112
58
204
254
226
177
178
49
135
209
87
14
95
138
206
178
106
280
115
98
172
53
165
96
268
71
144
296
102
46
217
34
198
68
990
3558
62
52
170
277
72
122
36
189
286
182
269
15
104
246
293
140
145
1001
171
266
249
168
41
174
114
274
61
102
52
35
60
91
196
178
140
152
113
218
125
181
291
172
150
93
260
283
233
201
62
48
241
137
51
194
320
116
5
254
263
19
168
2796
42
87952
179
11
253
25
142
159
251
274
1421
145
264
244
273
274
234
15
187
263
154
195
229
91
282
220867
60
187
196
295
196
159
70
17
20
90
124
273
258
66
242
220791
58
85
90
178
3826
86875
209
14
190
137
39
299
147
143
64
26
200
2316
19
83
4465
222
126
80
31
133
158
127
234
192
122
114
242
1874
247
260
3623
63
200
95
210
167
4254
248
299
54
290
104
99
255
19
83
186
193
2595
317
144
188
284
252
282
276
62
169
76
111
135
209
75
65
169
295
223
84
103
65
144
33
195
4585
135
263
225
235
71
152
290
264
242
137
272
292
109
254
21
270
45
186
106
262
32
105
36
45
128
202
276
241
269
186
32
46
27
4626
300
260
292
36
124
18
120274
208
291
192
272
229
146
217
179
49
106
275
241
157
248
258
287
274
241
33
79
49
208
271
70
63
38
190
198
902
1436
29
153
141
3437
351
71
177
149
235
2257
139
157
33
29
8
63
188
89
74
36
36
454
196
211
739
128
296
2661
91
38374
257
1059
148
40
2037
82
4840
225
125
204
42
6
231
69
255
181
42
70
294
463
147
110
90
262
14
179
19
116
3645
111
10
440
159
221
296
34
202
4897
236
293
209
131
128
197
73
84
299
250
295
210
13
185
253
83
235
9
284
146
4762
192
34
286
282
297
135
216
33
175
3109
13
71
21
8
1110
33
292
172
289
78
4965
166
3252
1115
70
2564
235
103
924
173
126
133
4560
192
440
103
289
178
104
184
190
108
156
299
259
175
54
219
5
220
223
11
147
134
281
132
25
125
9
171
1359
289
120
275
111
194
269
206
37
272
243
32
135
266
183
93
170
21
269
227
240
178
178
140
27
216
286
11
116
245
189
21
154
187
169
34
166
4117
196
19
26
153
46
229
117
1999
7
80
1864
34
62
152
210
2848
248
90
141
225
79
242
151
100
2814
107
298
96
12
115
181
16900
162
114
285
179
70
146
426
292
1030
6
119
279
26
2682
200
276
47
176
190
1167
279
74
52
249
283
32
2078
280
204
21
185
165
223
182
298
99
104
261
185
258
192
51
97
2021
2633
215
87
188
299
38
191
175447
146
51
177
2768
135
599
42
157
25
294
200
193
69
184
266
42
190
244
206
85
278
162
164
5746
232
28
196
136
191
30
188
224
189
253
293
116
151
432
96
65
263
14040
4915
125
289
141
251
247
485
237156
21
1695
21
69
1606
123
63
226
211
283
222010
133
135
74
234
4375
4605
48
89
228
297
3183
63
83
78
170
191
3057
266
183
102
225
195
278
155
199
131
145
278
222
83
139
141
280
107
84
128
50
160
6
43
177
257
115
160
85
210
274
196
133
152
4099
219
177
1939
76
12
178
166
192
110
72
219
227
128
54
227
292
231
216
175085
37
1929
116
40
57
300
161
103
349
136
2474
37
243
284
86002
203
199
173
2848
196
109
241
45
31
278
51
202
1982
278
4463
284
285
176
19
79
1657
222
127
88
270
805
189
242
227
292
70
43
128
10
702
228
185
190
120
203
260
182
31
200
22
68
168
111
290
270
235
36
9
224
150
14
230
195
204
288
2573
25
204
2794
259
206
26
297
155
4131
23
203
281
158
289
43
159
262
78
188
85
296
87
168
212
139
53
108679
264
258
2737
247
147
186
230
154
276
122
72
38
61
138
4658
286
195
220
4443
285
248
86
191
63
34370
180
40
54
117
17
67
74
34
150
25
204
280
20
6
154
273
152
269
199
101
122
160
208
77
276
261
1195
300
158
59
113
250
103
174
205
236
210
261
6
239
224
208
138
192
177
76
31
286
175
120
32
239
60
276
158
197
130
228
76
65
160
109
115
4398
247
230
285
30
212
1464
39
187
228
140
125
197
254
192
187
218
218
200
78
155
29
23
251
228
125
244757
211
282
203
96
41
94
242
269
79
2142
150
215
65
181
6
160
134
107
61
256
281
4732
3597
255
20
181
10
77
237
52
106
61
222
227
219
295
170
1141
1306
273
139
258
247
73
278
40
48
295
60
596
237
211
53
34
186
45
298
128
241
143
272
39
296
242
130
1787
239
54
168
259
85
220
284
224
236
123
94
213
155
191
53
156
27
21
197597
72
238
44
235
44
193
7
14
109
202
23
13
238
252
242
282
285
298
213
227
1206
183
10
267
280
102
83
91
137
64
17
189
63
230936
10
140
55
229
2388
267
107
201
203
120
28
195
130
208
1273
74694
136
52
266
158
275
7753
206
241
206
113
156
113
231
221
91
118
3004
284
177
149
185230
152
182
113
187
144
105
99
160
181
165
170
153
16
169
97
54
140
93
264
113
255
183
63
4689
259
290
160
212
275
149
7
156
161
299
52
219
13
197
44
224
283
228
45
214
153
120
226
98
93
66
36
241
86
271
220
172
140
210
265
240
79
94
294
71
183
162
504
207
89
280
179
4257
174
125
122
81
211
66
37
131
175
10
73
119
3818
220
105
208
103
59
108
228
27
142
126
47
242
211
129
207
33
70
49
2590
61
133
137
156
101774
157
180
47
168
4448
284
189
41
280
100
232
206
163
32
207
1433
136
82
175
189
209
263
58
3303
106
164
272
216
224
61
287
222
101
232
1443
3824
13
134
99
175
238
120
212
242
2881
24
2098
191
54
57
113
3981
138
290
275
186
2456
285
273
145
960
115
248
281
71
21
254
56
232
217
108
185
52
168
210
211
272
124
59
120
96
240
286
291
152
137
70
172
298
2155
48
66
40
95
215
59
124197
178
133
134
158
6
99
235
178
59
242
200
73
2505
126
231
4986
280
22
75419
189
212
185
132
98
133805
133
202
40
278
107
1295
234
251
66
106
82
293
295
2224
2681
213
86
255
267
7
204
104
3769
30
288
163
105
203
265
4550
117
198
95
23
29
186
202
83
146
161